WD	chr4
H3K27ac	H3K27me3	H3K9me3	Pc
0	0	0	0
0	0	3	1
51	24	85	7
47	14	63	4
20	15	28	1
6	1	9	1
27	25	103	8
45	35	64	4
23	30	51	1
36	41	120	8
38	45	128	6
38	38	122	8
26	42	118	8
31	29	99	6
37	36	105	7
45	25	132	7
52	44	140	2
60	43	125	2
54	43	133	11
38	31	101	5
42	46	74	3
22	39	53	4
48	53	158	13
38	56	98	2
35	64	70	9
11	8	14	0
0	1	0	0
0	0	0	0
0	0	0	0
0	0	0	0
0	0	0	0
5	0	2	0
1	0	0	0
0	0	0	0
0	0	6	0
0	0	0	0
0	0	0	0
1	0	0	0
2	4	2	0
3	4	13	0
0	5	5	0
0	0	0	0
0	1	0	0
0	0	0	0
0	0	0	0
2	0	0	0
0	0	0	0
0	0	0	0
0	0	0	0
0	0	0	2
0	0	0	0
0	0	0	0
0	0	0	0
0	0	0	0
0	0	0	0
0	0	0	0
0	0	0	0
1	0	0	1
6	5	13	0
1	5	5	3
0	0	0	0
0	0	0	0
0	0	0	0
0	0	0	0
0	0	0	0
0	0	0	0
0	0	0	0
0	1	0	0
0	1	0	0
0	0	0	0
0	0	0	0
0	0	0	0
0	0	0	0
0	0	0	0
0	0	0	0
0	0	0	0
0	0	0	0
0	0	0	0
1	1	5	0
1	1	5	0
0	0	2	1
0	2	4	2
9	4	34	2
13	6	34	1
0	0	0	0
0	0	3	0
2	4	9	0
0	0	0	0
0	0	0	0
0	0	0	0
0	0	0	0
0	0	0	0
0	0	1	1
0	0	1	1
0	0	0	0
0	0	0	0
0	0	0	0
0	0	0	0
0	0	0	0
0	0	0	0
8	2	0	0
0	0	0	0
0	0	0	0
0	0	0	0
0	0	0	0
0	0	0	0
0	0	0	0
0	0	0	0
0	0	0	0
0	0	0	0
0	0	0	0
0	0	0	0
0	0	0	0
0	0	0	0
0	0	0	0
0	0	0	0
0	0	0	0
0	0	0	0
0	0	0	0
0	0	0	0
0	0	0	0
0	0	0	0
0	0	1	0
0	0	2	0
0	0	1	0
0	4	4	2
1	1	2	1
3	1	6	1
0	0	2	0
0	0	1	0
0	0	2	0
0	2	7	0
0	0	0	0
0	0	0	0
0	0	0	0
0	0	0	0
0	0	0	0
0	0	0	0
0	0	4	0
2	0	4	0
0	0	0	0
0	0	0	0
0	0	0	0
0	0	0	0
0	0	1	0
0	0	1	0
2	0	0	0
0	0	0	0
0	0	0	0
0	0	0	0
0	0	0	0
0	0	0	0
0	0	0	0
0	0	0	0
0	0	0	0
2	0	3	0
7	2	18	1
11	8	30	1
4	2	3	2
0	0	0	0
1	0	0	0
1	0	0	0
0	0	0	0
0	1	0	0
0	5	3	0
0	0	1	0
0	0	0	0
0	0	0	0
11	8	34	1
6	5	39	3
1	1	1	0
0	4	6	0
0	2	3	2
0	4	7	0
0	0	0	0
4	3	2	0
15	8	44	2
1	1	2	2
0	0	0	0
0	0	0	0
0	0	0	0
0	0	0	0
0	0	0	0
0	0	1	0
0	0	1	0
0	0	0	0
0	0	0	0
0	0	0	0
0	0	0	0
0	0	0	0
0	0	0	0
0	0	0	0
0	0	0	0
0	0	0	0
1	0	1	0
12	10	26	2
74	78	209	15
3	2	8	4
1	2	5	2
41	27	70	0
34	41	119	10
49	41	124	6
42	26	121	5
45	36	130	8
46	48	97	4
58	47	97	4
59	36	129	4
47	42	108	14
45	19	49	7
11	9	16	7
30	10	23	6
106	28	61	1
143	31	93	3
199	24	62	6
245	54	104	7
342	52	120	7
371	39	91	4
189	30	45	11
256	29	95	11
84	43	98	13
82	34	127	22
25	20	46	5
44	7	79	3
85	23	95	8
128	28	177	13
159	51	201	7
105	25	91	7
47	20	66	1
85	44	92	9
93	22	81	5
21	30	37	5
46	24	58	7
53	26	91	5
82	26	98	7
2	9	27	5
45	25	44	9
111	42	90	14
104	47	109	21
15	22	46	12
43	27	68	7
68	49	108	6
70	59	120	8
60	67	138	9
71	81	155	6
82	63	119	5
75	65	116	11
83	76	112	6
69	92	152	12
104	101	175	14
63	86	188	10
73	86	145	12
80	90	151	5
66	79	90	10
62	97	123	6
73	119	120	9
75	93	128	11
27	94	120	8
82	126	133	6
98	106	101	9
111	126	173	6
127	136	181	7
105	135	122	10
121	124	77	11
128	111	141	9
103	111	140	7
31	31	36	6
15	37	13	0
20	22	9	0
9	8	4	0
75	76	58	1
165	190	134	10
152	207	142	13
82	139	92	10
44	115	56	9
38	94	48	3
139	148	101	6
134	188	74	6
0	15	9	0
15	13	8	2
142	106	74	8
128	103	63	10
207	188	176	6
128	119	166	16
21	63	44	10
129	117	110	4
208	208	146	7
157	225	174	12
180	300	214	15
188	222	120	17
176	179	110	5
124	122	60	6
158	147	47	10
219	173	77	3
140	99	90	12
210	115	109	14
157	136	160	15
131	62	92	14
63	55	44	10
102	34	38	9
31	23	36	8
160	58	96	5
208	55	69	20
241	38	78	41
201	53	75	16
244	60	95	7
96	48	51	11
300	80	129	19
308	110	165	10
219	76	136	6
175	68	132	4
155	57	61	9
43	32	44	5
126	65	81	7
162	85	147	7
130	43	91	3
123	39	88	7
188	42	129	8
70	19	49	1
85	28	48	5
48	8	66	4
44	23	39	6
77	22	127	11
157	38	119	7
111	19	127	8
81	32	97	13
127	34	130	8
120	37	85	12
42	33	54	9
40	12	28	3
73	27	35	6
194	32	99	14
173	37	114	5
216	38	81	8
320	60	119	8
245	49	122	12
306	56	156	14
62	40	134	12
104	38	181	10
34	24	94	6
43	22	104	10
29	16	69	15
61	28	121	16
86	23	125	14
101	55	169	4
196	54	117	11
246	45	106	19
147	40	83	12
224	80	116	18
147	41	80	3
241	55	88	4
335	58	100	6
177	56	80	9
238	52	121	12
108	37	67	8
108	11	45	5
103	22	44	4
123	42	53	4
33	14	24	4
81	11	43	11
122	37	75	1
55	29	53	2
100	20	51	11
114	26	48	11
111	43	46	9
182	25	47	6
133	37	69	8
193	43	68	1
110	15	25	8
214	24	55	4
174	23	51	2
111	26	50	9
153	45	72	4
94	37	47	6
137	37	61	14
85	47	72	6
107	36	71	3
58	29	51	3
76	24	97	7
118	31	108	3
88	32	82	8
74	34	37	3
84	39	64	3
78	13	62	1
0	0	0	0
0	0	0	0
0	0	0	0
0	0	0	0
0	0	0	0
0	0	0	0
0	0	0	0
0	0	0	0
0	0	0	0
0	0	0	0
0	0	0	0
0	0	0	0
0	0	0	0
0	0	0	0
0	0	0	0
0	0	0	0
0	0	0	0
0	0	0	0
0	0	0	0
0	0	0	0
0	0	0	0
0	0	0	0
0	0	0	0
0	0	0	0
0	0	0	0
0	0	0	0
6	3	4	0
84	33	47	5
39	13	40	1
92	33	46	3
86	41	67	12
59	27	37	5
56	46	57	1
74	34	104	6
40	24	68	3
0	0	0	0
0	0	0	0
48	32	75	8
44	33	49	5
49	27	48	6
65	38	110	12
79	51	145	2
83	47	183	3
65	63	156	8
48	41	94	6
37	38	119	2
43	30	125	4
49	31	112	7
29	17	75	11
1	2	5	0
41	12	70	5
43	34	190	6
23	20	141	4
27	26	93	3
52	31	130	2
30	17	75	4
37	24	128	10
42	21	91	2
27	25	76	5
4	7	25	1
0	3	5	0
17	10	62	4
78	18	113	4
29	38	77	0
24	15	23	2
12	19	16	1
60	16	38	2
56	16	35	5
45	27	56	9
42	13	36	4
32	27	34	7
32	16	31	0
6	11	27	5
45	30	92	9
49	32	97	9
52	36	65	8
39	37	66	4
48	55	105	6
73	41	99	6
43	38	103	7
54	44	107	5
41	55	115	1
65	57	122	8
35	27	80	9
15	12	45	5
36	22	95	7
51	37	110	6
47	36	87	7
45	22	50	10
46	23	75	9
26	19	63	7
69	24	101	13
35	34	72	3
46	29	44	8
38	26	44	6
19	20	32	2
9	10	26	1
48	27	78	5
44	25	61	7
69	26	80	9
50	43	69	8
75	34	94	9
65	25	64	7
42	30	56	5
50	36	61	5
61	40	95	6
46	32	93	4
5	12	20	4
0	0	0	0
0	0	0	0
22	12	19	2
34	22	77	2
54	27	84	8
37	23	51	8
30	19	52	9
42	40	69	7
43	13	58	7
43	31	49	5
53	19	67	6
54	27	73	3
2	10	32	11
25	31	86	3
46	37	119	10
38	39	86	5
46	49	94	1
61	45	119	5
60	36	107	13
31	16	54	7
30	17	56	2
36	31	52	0
31	17	54	7
51	19	68	3
37	26	39	7
49	28	63	4
52	28	89	5
41	17	83	4
12	27	46	0
30	33	91	5
61	38	111	10
38	39	83	5
27	19	26	3
26	15	64	8
33	20	39	17
35	28	59	2
31	32	79	7
14	18	35	4
42	32	83	4
61	27	70	9
28	14	62	2
26	18	37	5
16	19	33	6
26	33	80	7
71	45	145	7
23	24	71	8
34	38	164	2
43	31	144	9
31	55	128	6
57	42	145	8
56	52	179	9
54	30	154	3
46	47	150	3
31	41	80	6
20	46	87	6
38	32	118	6
51	27	105	11
13	13	62	3
29	17	94	3
59	26	103	6
43	33	109	4
42	30	106	6
30	19	55	4
15	14	55	3
13	19	37	11
48	30	127	7
34	22	64	5
37	26	66	10
54	21	135	4
12	12	31	4
37	21	68	3
48	19	40	6
58	20	64	8
32	21	31	2
120	42	87	7
78	27	62	2
23	11	44	4
48	24	60	6
59	35	109	1
99	32	116	10
76	30	100	4
67	30	86	7
66	32	178	14
20	11	46	2
1	5	6	0
11	16	50	9
4	4	23	0
27	30	104	6
37	38	112	7
51	45	124	11
50	30	131	7
30	27	89	8
34	28	83	9
37	36	210	9
51	46	218	6
34	37	147	10
35	33	173	16
31	46	250	10
36	31	243	8
38	47	255	7
36	57	176	6
42	46	200	10
37	43	153	7
35	26	121	11
42	23	172	12
6	17	68	11
28	27	99	4
34	34	197	13
46	41	220	13
49	44	205	6
50	36	152	4
44	31	180	4
33	24	140	6
42	20	143	5
51	37	251	11
33	52	247	3
37	30	159	5
23	17	91	11
8	15	71	3
3	8	33	4
31	23	194	7
40	19	200	9
39	44	218	8
44	44	238	10
77	45	195	15
66	36	191	11
46	29	93	1
43	19	96	8
43	44	96	7
40	22	69	3
38	24	83	7
57	35	151	12
32	11	75	2
39	23	159	5
59	43	110	5
51	42	144	6
40	32	55	4
3	5	16	4
27	19	63	5
45	15	71	6
59	37	116	2
58	36	123	2
61	37	93	8
51	40	59	6
41	45	67	3
47	44	56	8
34	21	57	7
12	14	39	9
63	22	75	6
87	37	104	3
78	42	88	4
90	33	66	4
219	36	64	6
383	53	98	13
380	33	77	10
638	36	92	12
347	15	59	17
329	23	95	6
238	41	237	10
184	39	206	11
101	31	212	5
117	44	205	13
108	34	175	6
125	37	159	7
133	47	127	9
239	47	294	5
169	19	195	1
199	11	85	6
402	33	192	12
192	48	105	5
447	41	78	12
335	31	66	10
395	24	68	4
177	18	69	13
239	22	88	7
122	21	48	12
60	9	36	11
170	36	82	9
159	17	92	6
147	31	125	4
114	49	91	5
109	36	95	7
119	29	106	6
131	39	105	14
191	48	76	7
151	23	51	4
256	46	92	5
181	30	63	5
278	32	56	11
295	20	100	4
421	29	120	15
247	40	84	5
224	19	73	8
277	45	149	7
209	43	193	10
184	51	154	11
122	30	157	13
51	28	105	4
60	29	186	12
67	52	243	7
29	31	159	6
30	30	183	4
8	7	25	1
14	17	108	3
43	45	281	3
44	41	256	2
40	33	214	4
37	48	200	9
18	20	123	7
8	15	100	6
44	35	192	5
32	34	228	7
34	42	205	13
64	48	226	2
51	53	314	10
35	42	210	7
42	59	236	2
33	57	229	2
36	58	345	8
55	37	211	3
37	33	176	5
52	38	170	8
57	37	175	6
51	30	149	14
28	55	131	7
39	46	152	5
38	44	189	1
65	32	216	3
15	13	51	5
33	22	85	4
60	53	180	13
37	34	92	7
6	11	29	7
41	52	116	4
41	41	83	4
38	66	153	8
58	55	191	2
35	42	160	3
24	48	121	5
24	27	87	1
25	36	99	10
35	45	119	5
21	36	37	5
17	21	49	2
34	33	48	5
52	31	80	2
54	27	84	4
9	9	10	2
58	40	57	4
50	37	71	8
84	47	85	8
78	67	129	14
77	27	142	5
28	30	48	12
20	23	50	11
62	58	124	2
45	50	161	4
74	38	96	2
40	34	90	3
42	24	70	12
78	45	68	5
109	45	113	12
81	38	114	8
66	27	37	6
44	20	40	2
80	33	59	6
91	25	72	4
71	13	72	3
104	31	98	6
90	38	94	17
88	51	101	5
110	45	93	9
56	41	71	11
44	32	70	7
114	38	85	8
60	19	60	13
6	9	21	2
36	8	38	8
82	22	65	3
73	19	56	6
76	28	79	11
81	29	72	12
104	29	78	9
112	43	76	5
149	23	60	7
52	3	8	0
319	33	85	11
247	43	90	5
348	39	79	12
207	48	89	6
239	41	66	4
248	25	31	11
273	23	81	7
295	44	71	6
165	33	66	6
77	20	27	7
78	31	58	6
99	45	144	8
70	41	108	15
71	47	189	8
69	49	127	5
72	35	137	4
63	13	93	5
46	12	110	6
71	40	88	5
74	46	118	3
64	34	106	10
60	41	83	3
69	45	144	12
69	56	143	3
58	26	105	6
9	20	46	2
56	36	71	8
65	39	153	6
109	49	157	9
92	42	96	10
75	24	82	0
80	42	95	7
91	39	109	9
82	30	79	10
63	33	82	1
44	36	79	3
67	32	77	4
69	31	94	14
62	33	104	6
97	45	108	7
93	49	106	0
96	43	105	10
98	40	72	5
109	40	104	5
106	41	83	8
100	27	86	8
90	48	83	5
84	35	94	3
98	29	87	7
56	17	62	5
55	35	101	4
63	45	155	7
107	59	155	10
87	28	142	5
72	32	91	4
38	22	45	3
43	23	55	7
51	39	90	2
48	22	104	4
74	48	121	5
58	30	161	5
73	41	143	5
58	41	165	8
45	46	163	5
47	43	194	7
38	44	97	1
49	51	145	8
36	42	146	4
37	47	146	13
54	52	189	2
49	39	133	1
44	53	156	2
44	25	149	4
51	35	160	5
32	34	103	3
44	38	128	8
45	44	139	10
40	42	149	10
60	47	180	8
66	32	147	5
56	26	123	1
57	32	122	6
63	45	134	8
48	47	141	3
43	30	101	9
46	27	167	7
55	40	154	4
53	36	167	10
52	51	147	10
49	32	119	10
82	49	166	12
115	26	133	8
36	6	30	7
21	28	41	5
152	33	99	9
387	40	81	12
351	45	94	13
234	44	99	7
240	45	83	12
270	34	63	7
356	62	129	12
173	50	64	9
82	35	50	12
208	43	80	6
152	40	79	3
198	33	104	7
116	35	93	8
60	26	65	10
75	31	114	7
52	22	52	1
79	38	112	14
59	32	130	5
62	30	81	11
18	4	34	0
124	43	118	12
166	32	104	1
157	22	61	10
241	35	90	11
356	50	142	4
384	38	147	12
96	39	136	5
196	41	160	13
238	49	235	6
228	42	221	13
145	32	140	11
147	45	182	10
136	30	162	6
134	30	160	11
155	42	163	4
90	44	147	7
34	26	62	5
175	36	148	4
105	24	99	12
38	15	61	4
47	22	73	3
78	22	143	0
32	15	96	6
1	0	2	0
0	1	0	3
2	1	14	1
2	1	1	2
50	26	176	9
68	28	198	3
51	21	132	4
7	2	23	0
36	26	182	8
48	38	258	11
55	34	188	10
31	33	158	7
44	40	271	8
56	50	261	3
57	43	327	10
44	46	240	16
37	31	248	9
56	42	340	11
29	28	234	6
43	47	224	4
45	34	241	9
76	51	367	7
46	37	321	6
44	48	207	12
12	21	62	5
30	28	194	8
48	36	277	6
58	36	280	5
57	35	151	8
67	46	279	9
61	62	257	9
49	40	211	7
19	18	99	4
26	42	98	5
12	15	85	9
9	15	42	8
10	15	39	2
0	0	0	0
14	2	11	0
46	30	98	2
66	34	121	6
65	26	106	3
77	31	173	3
77	38	81	6
77	38	88	5
43	11	30	5
169	29	82	4
205	40	89	8
273	38	55	7
256	32	65	15
385	35	95	18
366	28	72	12
413	35	94	2
681	52	121	14
99	27	47	11
84	33	75	3
78	25	83	11
114	40	138	9
80	18	80	10
129	25	113	5
172	33	117	12
205	34	108	6
214	45	170	8
239	30	191	8
152	29	136	7
111	27	109	4
138	35	136	6
115	28	105	6
88	24	98	4
48	22	61	14
52	9	77	8
65	21	114	3
26	7	51	1
17	21	82	2
14	19	70	1
48	43	173	20
47	33	231	7
61	41	228	3
83	53	248	7
69	39	200	5
29	26	183	10
58	41	184	10
59	37	242	5
64	55	264	1
66	36	215	4
55	38	257	8
34	22	174	8
56	32	181	4
49	36	293	9
44	44	212	5
61	47	204	6
59	44	224	14
41	45	260	6
52	33	224	7
37	34	135	10
51	31	218	6
49	31	187	4
26	10	76	4
2	3	10	1
16	16	92	0
45	48	182	4
48	41	162	10
45	32	180	5
51	25	143	9
51	31	132	4
62	35	128	7
63	40	140	5
99	35	130	6
75	36	84	4
67	47	56	7
81	17	65	8
178	38	63	0
75	18	21	6
192	23	39	4
180	25	45	4
320	50	128	10
170	44	180	7
155	40	163	13
135	34	301	11
73	26	155	3
76	23	269	8
135	22	287	5
127	25	220	4
42	20	97	1
26	24	114	0
5	1	2	0
0	0	0	0
0	0	0	0
3	0	3	0
36	19	90	1
26	16	119	4
11	5	38	2
49	22	164	6
100	31	222	10
45	14	73	10
108	23	176	7
148	51	194	11
299	54	117	26
424	51	130	13
316	48	109	7
89	25	28	8
143	37	76	9
93	21	106	6
14	9	49	2
50	36	158	3
55	28	178	9
54	28	131	8
45	35	190	6
56	59	171	1
30	26	147	5
39	37	213	3
49	28	107	6
42	46	142	3
83	35	383	5
57	45	291	13
32	39	295	5
54	45	266	5
46	36	212	6
49	48	191	6
31	34	154	8
26	27	118	6
35	40	137	6
33	40	144	4
49	52	142	5
29	29	61	3
3	10	35	5
38	20	89	1
33	29	108	3
53	35	151	6
39	12	68	5
40	35	62	8
61	34	134	4
78	24	133	2
44	25	79	2
55	35	157	6
18	18	58	6
41	22	43	6
47	64	147	8
44	36	83	8
40	37	124	10
30	26	81	14
37	37	125	8
67	69	167	6
78	34	159	3
41	30	73	5
51	38	101	7
55	38	156	9
57	59	141	6
72	41	105	4
67	46	76	6
56	31	48	5
58	42	105	9
54	39	129	2
20	11	62	2
2	4	9	0
19	16	52	1
11	2	6	2
33	17	32	1
63	22	96	6
140	43	145	0
121	47	144	8
82	21	56	4
84	54	82	4
73	46	103	9
103	58	134	10
114	63	136	7
143	58	195	6
164	72	184	4
204	42	116	5
25	1	10	3
0	0	0	0
0	0	0	0
0	0	0	0
0	0	0	0
72	21	45	11
435	47	93	7
307	59	99	10
343	51	111	13
161	24	59	8
79	30	30	6
27	25	29	4
28	22	53	8
94	20	45	4
44	25	31	5
186	30	83	9
171	40	85	13
146	36	71	9
120	32	53	12
104	32	31	8
110	24	72	7
22	29	63	3
107	64	108	5
112	64	135	13
85	52	95	9
129	44	78	10
64	30	75	3
91	43	73	12
57	35	50	8
80	34	55	7
91	43	71	4
195	31	62	9
205	38	72	10
186	28	101	3
171	29	67	11
185	48	64	3
75	16	51	8
7	9	15	1
60	21	26	9
156	40	99	11
84	36	91	11
81	32	55	8
63	36	47	3
84	38	111	11
106	33	104	12
65	36	89	7
95	54	105	5
63	44	63	6
85	15	62	7
84	51	68	5
97	35	94	5
103	48	97	1
49	34	73	6
68	33	71	3
59	46	104	3
26	22	45	5
59	26	56	9
90	19	68	8
88	28	38	7
136	49	84	12
118	45	75	9
119	47	104	8
125	35	89	9
109	32	67	11
130	38	108	3
90	39	80	6
84	39	65	14
100	30	85	8
120	42	79	6
115	49	148	4
121	60	114	9
93	38	77	11
96	39	67	9
129	38	120	8
99	26	56	0
116	37	54	8
142	29	64	7
75	19	32	18
90	34	49	3
100	35	91	8
113	37	102	11
136	56	63	10
98	40	57	9
98	31	57	2
121	34	97	7
32	23	37	11
46	19	31	8
55	21	37	8
91	23	56	5
59	39	48	7
72	40	53	8
54	15	46	17
50	36	53	5
93	52	138	15
87	74	141	5
77	34	140	8
96	40	101	8
95	32	145	10
94	59	105	7
112	64	101	3
76	33	76	2
66	31	65	0
111	40	52	7
106	82	114	6
153	64	154	4
78	57	123	7
84	34	69	0
76	54	91	7
109	60	110	15
117	49	84	11
63	35	84	5
78	37	93	6
86	47	77	12
48	40	73	16
44	28	65	6
16	8	27	5
20	11	25	2
47	40	118	9
32	23	80	5
38	22	73	2
18	31	35	6
58	37	74	4
100	44	144	2
52	52	82	12
50	55	62	10
63	34	65	14
69	54	180	19
102	52	122	7
74	33	101	8
72	66	132	5
80	48	93	6
51	45	52	4
66	46	49	5
60	47	44	6
65	44	124	13
68	58	98	4
97	62	97	6
111	49	85	10
88	54	101	11
114	36	96	5
65	24	51	2
41	35	80	5
46	31	59	9
87	47	89	4
59	29	65	2
64	21	103	5
9	16	58	7
39	24	69	8
50	31	61	10
116	59	104	4
102	38	85	11
87	25	68	5
64	26	33	9
76	47	78	1
74	26	90	10
82	47	101	12
87	57	102	8
104	60	130	18
124	55	128	12
91	45	89	6
60	23	62	7
109	60	82	6
111	67	119	7
113	54	100	10
53	29	53	10
94	25	63	4
88	50	75	10
75	37	101	9
109	53	112	7
60	39	56	0
73	41	59	5
49	27	58	5
78	38	72	5
82	49	108	8
56	42	104	8
72	35	95	6
20	22	63	6
36	26	72	7
25	30	49	6
58	28	73	3
62	47	86	1
78	39	111	3
103	46	108	11
87	42	111	4
65	58	81	3
65	40	137	9
74	61	122	7
91	41	90	10
64	42	84	1
80	39	57	2
51	27	69	2
44	46	64	7
83	31	40	6
91	32	76	8
78	26	53	8
50	29	55	3
73	33	111	4
89	34	135	4
0	5	3	0
21	21	27	6
97	24	89	8
59	30	64	11
57	43	53	7
62	37	56	2
33	15	37	9
2	10	22	3
63	22	64	4
103	28	66	2
87	34	70	2
66	31	44	3
124	41	107	10
50	26	47	4
68	36	89	14
108	47	124	8
139	55	136	8
103	30	57	10
59	31	64	9
54	17	50	8
48	18	44	3
84	35	39	5
104	19	38	5
77	8	41	2
28	21	38	6
97	17	64	4
92	24	46	6
97	10	38	3
103	39	84	10
123	44	79	6
125	51	51	5
118	35	85	3
126	46	126	6
88	44	93	5
92	56	120	14
123	55	120	6
100	59	119	12
104	48	98	12
72	44	82	8
66	49	115	3
69	33	74	10
58	48	57	9
97	44	82	12
85	30	73	6
86	44	70	5
101	50	84	7
114	35	94	9
92	25	59	7
98	31	65	5
105	30	35	2
36	27	40	5
89	34	97	6
34	28	34	7
136	49	106	8
87	36	102	6
73	48	52	6
75	36	67	8
38	30	77	5
31	21	70	9
125	32	83	13
122	29	76	10
99	48	86	4
97	36	53	14
51	51	75	6
73	40	120	12
83	72	130	8
87	70	135	5
122	61	193	13
103	36	134	3
72	43	104	6
72	36	69	3
82	22	99	10
55	18	41	3
41	20	20	5
45	15	24	11
44	18	32	7
66	35	43	7
61	24	63	4
23	4	18	1
64	24	54	0
68	33	64	5
99	31	67	10
52	18	35	2
0	0	2	0
0	4	0	0
0	0	0	0
76	32	84	5
90	26	94	6
88	21	51	4
66	15	45	5
3	15	30	2
81	42	123	4
67	39	102	11
18	18	41	5
58	46	101	3
49	38	88	7
42	31	60	1
33	20	60	2
38	24	82	3
46	29	78	5
12	11	23	7
46	32	96	8
46	28	117	12
85	46	197	2
61	47	135	6
37	22	82	6
2	3	5	2
4	3	13	0
7	11	31	1
15	19	17	2
4	2	16	1
14	5	16	2
21	19	64	4
24	37	119	9
23	35	78	6
19	36	86	8
1	0	2	1
0	0	0	0
0	0	0	0
0	0	0	0
0	0	0	0
0	0	0	0
0	0	0	0
0	0	0	0
0	0	0	0
2	4	5	0
48	39	84	3
62	32	82	5
53	31	86	9
3	2	5	1
47	17	43	4
44	29	85	4
65	41	122	4
86	32	149	4
0	10	43	1
14	23	57	5
32	37	82	2
14	21	57	12
54	32	129	6
42	33	119	13
27	15	92	11
41	22	76	6
17	12	42	4
28	32	70	4
58	22	62	5
43	24	94	1
92	42	86	3
82	41	111	2
52	19	56	4
59	33	91	12
47	16	37	10
30	22	44	7
12	13	38	5
0	0	3	1
0	0	0	0
0	0	0	0
2	3	0	0
36	31	84	4
59	23	95	3
26	24	42	2
42	18	43	5
71	34	107	6
97	32	76	6
69	35	92	1
65	39	90	11
26	18	36	2
51	20	44	0
30	23	35	2
14	14	15	0
45	27	30	0
109	31	77	2
94	56	114	5
83	51	121	4
25	19	68	4
22	7	44	2
69	28	39	3
6	9	15	0
18	12	13	1
70	23	43	1
54	14	53	7
45	23	41	1
70	33	78	6
105	46	131	8
72	27	86	4
87	45	116	6
83	45	99	10
70	38	84	7
60	44	86	10
36	46	129	14
60	52	123	5
96	51	166	4
69	41	137	9
40	31	89	1
4	3	6	0
0	0	1	0
0	0	0	0
1	0	1	0
40	23	96	0
95	67	218	2
79	35	171	8
100	34	136	5
71	33	92	5
46	27	72	7
129	34	99	6
218	48	161	10
219	38	78	10
367	44	132	11
317	62	133	7
268	40	146	12
192	25	109	12
83	16	61	7
125	21	75	5
36	12	41	1
54	15	69	4
12	3	18	2
0	1	0	0
0	0	2	0
35	9	20	3
121	22	100	8
109	26	104	5
296	30	92	7
233	44	94	10
209	33	124	7
114	45	122	14
82	35	59	0
67	33	91	7
8	6	77	7
32	18	114	5
45	43	155	14
67	40	174	9
44	27	135	3
58	39	192	8
78	43	151	9
17	15	65	2
34	23	159	7
3	5	14	1
3	2	6	1
39	31	140	6
46	42	205	5
47	22	142	11
39	27	145	9
27	38	123	7
71	30	136	7
88	41	153	9
129	47	127	11
180	50	121	8
328	47	128	12
343	40	144	5
178	45	137	2
101	16	173	5
1	0	1	0
20	19	52	3
34	25	90	8
136	30	99	5
332	28	47	9
277	27	51	8
158	21	28	15
16	3	11	2
48	52	108	4
62	35	136	3
49	35	108	12
56	39	84	4
26	29	52	1
22	22	43	6
20	9	41	2
59	15	69	3
84	43	148	10
77	49	144	4
85	29	122	6
51	30	107	5
59	45	100	7
28	19	52	8
3	10	9	1
0	18	21	3
41	26	52	4
45	29	92	8
39	30	64	14
86	38	106	15
11	8	19	4
0	1	2	2
0	0	0	0
0	0	0	0
0	0	0	0
0	0	0	0
0	0	0	0
3	1	5	0
1	3	1	0
0	0	0	0
0	0	0	0
0	0	0	0
0	0	0	0
0	0	0	0
0	0	0	0
0	0	0	0
0	0	1	0
0	0	1	0
0	0	0	0
0	0	0	0
0	0	0	0
0	0	0	2
2	0	0	0
0	0	0	0
0	1	2	0
0	1	4	0
0	2	2	1
0	0	2	1
0	0	2	0
0	0	0	0
0	0	0	0
0	0	0	0
0	0	0	0
4	0	0	0
0	0	0	0
0	0	0	0
0	0	0	0
0	0	0	0
0	0	0	0
0	0	0	0
0	0	0	0
0	2	1	1
54	29	74	3
84	27	84	3
71	49	100	6
58	32	70	10
59	39	77	9
69	64	132	17
65	28	109	7
62	15	88	8
61	32	96	3
62	34	99	6
68	36	102	7
37	19	67	7
22	25	80	3
11	23	34	4
34	21	65	4
55	29	53	11
57	23	93	6
48	42	144	7
67	32	136	6
13	21	28	4
38	23	58	8
37	25	74	3
69	28	121	6
39	26	29	5
53	29	88	7
63	44	110	10
64	13	92	7
50	14	60	12
40	28	57	4
73	36	99	3
45	32	64	7
34	26	29	0
32	26	43	4
51	36	82	13
60	20	75	8
72	15	62	11
30	24	64	6
41	27	80	1
45	28	68	6
60	35	76	2
48	29	69	4
47	35	92	2
39	28	84	8
37	25	76	3
39	37	104	7
55	22	65	9
18	21	59	3
14	17	39	2
36	45	68	3
45	31	63	6
46	26	53	6
13	11	48	0
27	25	51	0
44	33	43	2
53	35	97	2
54	36	139	7
71	27	112	9
48	27	70	8
15	17	60	5
22	28	55	2
26	40	102	10
38	33	90	5
32	29	68	6
47	29	64	0
39	17	99	4
27	31	71	2
4	2	4	0
44	19	95	4
34	28	83	4
41	28	103	0
6	12	21	0
0	0	0	0
1	1	3	1
38	12	120	10
15	23	97	6
29	19	182	6
63	28	148	4
62	24	151	7
47	19	138	6
18	4	51	0
2	0	1	0
7	6	23	2
0	0	0	0
0	0	2	0
0	0	2	0
0	0	2	0
0	0	0	0
0	0	0	0
0	0	0	0
3	2	1	0
17	16	96	2
26	19	88	0
2	3	20	0
4	8	39	2
2	0	0	0
0	0	0	0
3	2	3	0
30	19	135	2
43	38	250	12
38	36	229	9
17	50	179	16
15	27	190	5
26	28	156	8
36	22	215	4
39	36	308	10
43	37	329	11
45	54	343	9
42	40	270	7
40	38	294	5
35	31	212	7
44	27	203	7
37	20	201	6
33	42	296	3
50	40	303	12
58	53	332	13
61	35	279	6
47	43	275	6
36	38	185	5
33	28	146	6
31	38	259	8
69	55	303	8
54	59	321	6
36	36	183	8
18	21	142	6
10	19	62	8
40	28	206	4
45	41	209	11
24	23	96	1
21	36	153	3
16	21	175	10
22	43	114	2
32	48	213	7
33	35	168	3
36	32	200	5
55	49	209	8
41	24	196	7
40	21	166	6
56	21	140	5
48	42	149	5
53	35	110	2
64	28	132	9
38	22	76	4
53	36	111	4
47	59	83	4
66	35	68	7
60	33	81	9
160	37	80	8
214	33	57	11
366	41	92	11
450	35	102	10
268	40	88	6
326	50	83	22
69	33	53	14
171	43	129	7
136	41	122	6
108	28	110	1
66	18	98	8
69	19	109	3
41	29	81	4
227	65	102	25
122	45	84	8
191	39	79	3
85	29	57	3
107	51	86	5
65	26	65	5
43	30	49	3
39	37	91	10
32	40	89	3
41	33	168	3
35	20	142	1
44	38	188	4
45	40	192	8
39	26	150	10
38	34	165	9
42	37	167	7
30	38	185	10
47	28	199	5
35	33	148	3
37	33	199	5
41	28	198	3
36	47	259	5
29	31	207	7
38	38	186	8
32	40	185	8
42	34	187	5
26	32	163	6
29	41	161	6
29	26	170	7
43	34	181	4
66	25	219	10
62	37	266	4
48	51	226	15
49	41	272	9
62	33	145	7
43	22	106	11
40	33	159	10
32	28	119	2
26	30	85	6
37	40	134	7
42	46	156	8
39	39	149	5
32	25	98	3
0	5	10	3
6	13	38	1
24	37	145	2
42	14	133	3
23	9	80	3
38	38	178	10
47	36	194	4
26	14	123	0
10	10	43	5
14	30	64	3
13	23	94	3
50	33	201	12
50	30	156	14
31	33	193	8
33	35	192	10
35	29	191	4
52	48	242	9
56	36	264	3
31	50	249	7
43	22	210	10
11	13	74	8
32	43	171	2
30	21	93	6
41	28	104	3
40	24	97	6
55	34	179	5
59	46	190	3
33	33	58	5
1	6	27	3
22	31	57	14
65	36	90	7
59	31	41	10
51	45	87	3
71	53	127	1
80	27	119	5
78	64	86	4
64	56	127	5
63	70	170	6
85	71	217	11
59	50	116	4
44	49	93	5
42	47	99	2
55	65	92	1
45	72	153	11
54	70	145	8
33	61	89	10
57	95	162	10
69	91	190	5
46	64	122	10
61	71	142	7
64	54	159	17
78	67	147	8
40	51	100	6
29	35	48	5
34	33	74	0
44	45	63	0
45	39	48	2
111	76	97	3
157	64	113	15
267	69	183	9
197	72	140	4
174	51	93	7
150	44	114	9
124	59	83	13
87	58	112	4
72	52	90	3
56	48	85	7
92	59	108	4
59	72	83	10
56	81	84	3
91	76	99	6
54	48	70	12
60	91	121	9
62	105	122	3
42	69	73	3
50	65	64	3
44	71	67	7
22	25	21	8
48	63	64	5
59	48	62	7
77	100	145	6
88	60	134	8
74	64	123	1
86	71	119	4
57	66	83	7
53	67	100	6
26	42	60	1
22	12	16	3
16	11	26	1
43	23	31	7
77	46	76	5
76	74	103	16
75	49	86	10
29	50	48	18
44	38	63	3
40	46	51	8
47	59	85	6
55	59	123	3
42	56	116	11
56	50	86	11
52	60	94	6
83	59	129	3
59	66	127	8
60	64	74	7
38	84	79	10
50	76	77	2
49	69	120	7
51	75	89	8
50	97	98	13
34	95	88	10
58	96	100	10
55	96	115	2
46	91	108	4
44	96	86	5
67	63	109	10
37	73	81	11
60	60	85	12
43	51	74	2
44	48	64	7
52	52	63	7
8	37	48	8
60	47	80	7
67	67	88	10
77	61	121	10
68	88	96	10
58	55	97	10
81	81	110	4
41	48	57	8
20	46	38	5
25	35	44	2
56	58	60	6
39	37	38	1
34	58	62	10
39	59	69	10
46	53	71	9
61	49	96	7
61	70	83	10
83	84	133	7
78	75	115	18
51	86	126	7
77	94	150	6
67	58	92	14
67	53	61	9
47	60	89	11
97	73	117	12
86	78	122	12
92	76	95	11
75	67	101	9
29	31	51	6
66	36	63	9
107	65	62	10
92	33	56	7
56	39	39	4
78	38	51	4
75	32	52	8
83	45	43	4
85	46	70	7
104	61	90	12
90	44	80	9
72	52	78	10
108	97	98	7
74	67	88	15
79	63	115	14
63	83	94	6
68	63	101	7
39	46	57	6
32	47	47	3
40	75	66	5
72	67	78	4
71	84	96	5
42	60	78	9
46	55	78	7
72	67	75	5
60	50	60	3
60	50	83	7
54	53	79	6
100	51	81	9
124	66	83	8
153	63	111	16
53	34	110	3
82	113	96	16
63	67	76	9
63	71	87	5
64	60	107	11
75	71	103	7
57	73	68	9
14	29	41	5
64	49	75	3
86	36	103	8
75	58	97	6
108	57	144	9
60	42	107	11
73	46	110	6
64	55	98	7
67	38	74	8
9	24	27	7
46	62	83	9
60	66	101	3
63	55	94	2
51	59	67	5
46	84	85	3
49	53	89	10
47	82	70	15
16	61	25	7
63	87	115	7
35	80	79	6
6	47	44	2
50	72	64	6
26	60	42	15
49	77	88	14
69	94	96	11
103	81	82	0
91	56	95	7
1	3	12	1
76	47	72	9
104	74	108	6
89	88	83	11
97	67	109	9
107	71	102	3
70	66	50	7
61	60	95	6
56	75	81	12
81	74	89	7
52	67	61	7
65	95	121	9
49	56	58	7
38	42	46	4
0	0	1	0
0	0	0	0
1	2	4	0
1	3	5	0
0	1	1	0
0	0	0	0
2	1	0	0
11	11	39	0
88	80	127	2
61	48	104	16
77	59	100	6
67	57	96	12
159	76	108	8
74	62	62	10
74	80	63	14
61	89	72	6
48	144	108	7
43	109	66	5
44	99	67	8
55	150	70	7
45	159	41	6
50	150	63	7
76	267	129	12
63	193	126	4
83	214	115	8
55	135	60	10
47	159	86	9
72	232	93	17
106	226	115	20
70	176	143	10
7	80	17	5
22	49	32	5
36	107	50	3
39	115	62	7
26	111	63	1
7	63	13	7
39	167	81	12
41	127	88	1
80	166	103	6
70	208	116	4
43	139	73	9
63	156	67	8
91	200	91	7
62	209	87	13
52	204	87	14
66	170	77	8
65	191	83	3
79	186	99	9
46	162	72	4
3	16	5	0
60	105	53	6
92	124	85	10
62	90	76	6
51	60	77	4
60	55	95	7
41	31	56	10
34	34	45	12
53	39	48	6
37	43	62	3
62	67	79	3
50	75	83	7
77	95	109	12
86	78	111	7
105	92	160	15
97	104	157	8
105	103	130	14
71	95	118	11
87	86	97	11
48	57	47	11
61	43	48	5
3	3	3	1
43	49	63	13
38	48	79	9
82	70	64	7
70	53	71	7
27	35	27	1
0	0	0	0
35	37	45	4
89	93	71	11
67	38	45	10
101	70	116	3
83	69	103	10
75	59	78	10
115	74	121	5
114	83	140	9
118	88	132	15
60	58	86	4
19	27	40	6
61	31	44	9
15	17	23	0
2	0	1	0
0	0	1	0
0	0	0	0
0	0	2	0
0	0	0	0
0	0	0	0
46	14	22	1
6	2	5	0
8	11	5	3
32	15	13	9
9	4	7	2
24	31	31	5
46	37	51	8
50	41	76	3
57	53	103	8
45	33	52	9
134	48	102	18
121	58	133	16
84	38	75	5
64	34	116	3
67	35	71	2
58	47	133	6
68	39	144	3
66	49	106	12
39	30	64	1
27	18	66	9
28	38	94	8
66	45	228	6
33	31	222	8
47	20	214	10
51	43	259	9
37	44	190	9
44	35	181	4
49	47	183	6
47	41	171	11
28	22	169	8
19	19	96	6
41	27	191	10
47	63	246	6
54	27	229	6
62	49	253	4
42	38	216	5
46	24	177	7
52	31	224	6
51	39	230	3
50	64	204	7
36	39	159	10
38	37	127	10
45	50	142	4
35	35	120	16
40	34	94	5
42	33	151	1
40	28	84	6
33	29	59	3
64	49	126	11
73	33	94	6
78	38	110	13
191	47	115	7
298	48	136	12
107	34	131	8
105	36	172	11
111	45	211	5
86	35	369	4
19	6	48	0
4	0	16	0
13	4	24	2
122	23	111	6
96	16	72	9
146	23	99	6
241	28	75	13
292	38	86	11
451	37	133	16
93	5	29	5
365	29	78	12
546	52	186	12
345	52	132	6
375	43	98	13
135	35	45	10
39	22	33	9
57	24	66	3
57	29	103	4
49	23	102	7
19	29	113	3
51	28	119	9
59	30	156	2
59	39	116	8
37	26	79	3
56	41	157	6
74	44	192	6
56	27	180	5
51	40	139	10
60	48	217	5
37	37	247	8
30	29	225	4
45	43	207	7
43	44	145	9
60	38	203	7
45	33	238	4
19	9	56	4
23	24	158	5
20	35	108	5
35	37	106	9
29	33	191	1
38	44	232	13
26	43	138	7
44	29	176	11
42	20	213	4
30	15	108	3
33	34	158	3
22	26	90	3
18	10	72	0
1	0	3	0
2	2	0	0
0	0	0	0
4	0	12	0
6	2	16	2
44	18	129	1
62	43	144	17
57	40	238	12
118	50	266	11
114	58	214	11
109	44	166	9
76	39	150	11
32	20	77	2
0	0	0	0
0	0	0	0
0	0	0	0
0	0	0	0
0	0	0	0
56	16	57	3
144	41	173	2
136	46	187	9
168	46	197	10
167	49	155	10
172	55	218	7
142	59	216	5
101	50	141	6
85	38	156	6
50	40	105	3
48	28	85	3
48	23	97	5
60	50	171	7
59	38	214	12
81	49	176	8
79	45	215	11
50	35	125	4
33	54	138	3
17	38	118	8
22	41	116	3
28	48	135	7
59	58	199	5
27	28	123	6
16	22	113	5
51	30	195	15
51	31	201	6
44	24	188	1
57	39	210	5
60	35	165	6
37	44	143	5
54	29	149	6
43	29	178	2
25	21	63	6
27	28	133	4
71	46	141	13
55	40	177	11
55	36	171	11
30	26	85	4
19	10	21	2
78	20	50	8
181	42	120	3
224	28	104	4
303	38	86	10
390	49	139	18
449	43	164	11
87	38	127	14
89	39	96	11
11	0	8	2
219	27	54	6
464	29	52	12
494	35	93	22
355	32	141	26
190	39	114	9
87	39	61	11
98	34	55	8
114	30	134	6
115	30	109	0
66	29	75	6
49	17	101	11
17	10	56	10
24	16	58	3
30	23	86	8
45	29	123	5
47	39	69	10
63	41	107	12
37	19	67	7
29	22	101	2
20	15	83	5
20	28	63	6
30	23	77	1
38	24	155	9
38	41	169	8
72	37	187	6
53	39	187	4
48	38	157	1
34	38	113	2
26	31	75	2
58	48	221	3
84	53	223	4
46	37	147	4
38	27	87	1
36	37	131	4
26	28	86	4
41	25	132	9
30	24	107	3
37	25	68	5
42	25	85	5
44	36	87	9
60	33	159	2
50	38	169	7
51	47	198	12
53	41	161	8
18	26	61	4
29	50	102	6
45	30	113	0
45	31	100	5
70	42	158	11
42	41	109	8
38	37	139	3
36	52	174	6
42	43	163	11
54	38	177	7
38	42	146	14
45	43	188	5
45	42	155	6
62	33	142	3
54	33	150	2
51	30	207	3
74	35	226	4
72	37	161	0
36	30	192	6
53	34	205	6
49	48	159	8
100	39	218	4
68	54	117	6
79	49	126	7
33	28	92	2
138	36	100	11
208	52	127	9
289	43	118	12
305	41	112	13
272	37	109	7
200	40	70	10
238	47	95	11
275	49	118	12
283	33	132	12
341	40	147	11
215	43	92	9
71	20	53	1
135	23	90	5
107	48	151	7
111	36	113	15
70	51	64	10
67	53	71	5
106	54	113	7
94	61	114	4
57	26	49	18
85	39	51	10
115	31	97	10
122	24	62	3
198	41	59	7
315	42	59	5
285	47	71	10
261	44	85	5
129	47	91	1
188	79	108	5
131	51	73	14
125	25	61	12
119	42	58	8
73	52	60	9
117	53	99	12
90	46	71	7
154	64	53	6
26	18	19	4
137	38	46	10
262	72	124	9
116	63	112	9
133	58	96	23
129	59	95	10
188	65	76	15
144	53	74	22
104	30	64	11
30	19	31	5
87	54	50	11
106	45	34	8
147	78	110	17
107	82	114	17
76	77	87	19
80	68	64	4
61	73	39	6
60	95	53	6
79	127	78	7
66	94	36	11
71	144	74	15
108	191	83	6
80	155	70	8
104	152	72	11
105	154	53	8
113	147	81	14
140	176	99	19
113	169	101	10
105	163	92	12
102	201	81	5
90	200	87	4
0	10	6	0
0	0	0	0
30	72	34	3
17	75	48	14
92	155	117	17
131	252	120	12
148	315	143	30
64	136	58	17
57	167	74	14
98	178	119	2
85	160	88	9
104	267	150	11
52	197	82	6
128	215	121	19
73	134	63	15
136	258	108	5
184	311	141	11
209	353	133	9
103	300	103	13
89	228	88	6
42	96	51	8
78	179	63	3
150	309	165	13
172	347	148	20
108	363	110	16
104	295	100	10
117	325	134	17
107	308	124	16
6	161	37	7
120	306	112	17
92	208	99	18
104	224	66	17
87	194	78	22
100	201	73	14
135	191	188	16
129	106	167	22
132	139	156	13
150	214	145	30
153	226	130	29
152	277	150	23
126	258	133	14
162	280	138	14
107	198	138	13
121	276	86	9
174	370	121	18
85	297	79	14
115	276	95	6
157	420	111	17
117	445	100	13
167	353	98	24
137	331	89	16
134	331	126	15
196	321	210	45
131	198	147	12
125	310	189	23
109	262	144	23
95	253	107	13
151	304	173	13
174	397	165	17
135	272	152	17
120	209	109	15
128	224	127	26
86	193	126	26
128	241	181	29
109	184	173	20
178	224	190	31
145	161	149	35
130	127	159	23
126	174	166	25
133	199	192	26
147	196	222	24
110	140	83	26
78	146	38	21
149	379	113	19
174	504	134	17
139	419	125	21
164	516	172	20
177	471	158	23
109	307	107	17
86	274	68	9
108	238	79	7
53	203	99	10
67	224	91	6
134	386	137	6
142	419	94	16
94	249	85	10
91	280	92	20
105	333	103	3
77	232	69	9
39	135	28	2
24	60	24	2
78	203	82	11
73	141	59	2
50	125	40	5
136	279	96	10
72	214	69	15
60	151	60	7
127	218	98	11
133	262	127	8
110	241	81	10
85	165	60	7
103	180	78	6
130	229	98	10
138	194	143	11
95	147	56	7
79	105	51	9
113	98	75	9
141	106	75	7
189	129	106	21
182	172	158	5
114	110	63	17
96	82	91	6
164	133	146	17
137	150	143	15
161	149	138	18
235	140	132	23
183	122	134	12
137	83	95	16
96	92	72	7
35	46	16	0
149	107	89	8
157	79	75	15
39	44	34	9
225	86	120	6
185	82	168	8
148	109	115	11
179	111	106	11
149	89	127	21
139	73	79	11
146	91	101	8
82	95	79	7
101	110	57	6
116	103	69	13
119	126	100	9
131	125	101	6
128	136	125	14
154	155	132	17
164	141	130	5
182	152	127	11
185	140	136	11
172	135	128	7
136	148	156	10
140	175	149	13
136	150	128	10
123	143	108	10
150	137	104	7
82	107	63	4
164	134	149	7
89	91	52	8
86	91	61	5
118	118	77	4
113	119	94	13
101	125	109	8
124	125	123	10
163	105	152	10
156	118	114	12
145	132	99	7
144	123	100	15
126	116	113	4
75	72	95	6
149	96	78	5
108	50	66	4
102	61	57	10
49	47	55	11
93	62	63	9
139	76	136	13
166	87	130	6
164	106	148	19
176	108	155	19
151	49	101	6
117	79	88	6
60	41	64	9
31	34	12	2
103	80	102	13
95	110	103	7
84	87	96	13
84	117	127	2
112	96	98	11
94	97	123	5
123	153	186	15
146	152	190	18
106	106	159	6
96	104	131	6
102	84	165	10
99	150	154	11
86	104	151	18
27	55	40	11
66	62	71	3
78	82	116	12
76	60	88	1
40	64	110	9
48	81	115	4
57	72	154	10
78	96	124	1
69	93	108	7
48	77	151	11
74	80	161	7
57	72	180	17
53	62	133	6
41	60	100	7
64	91	112	9
48	62	160	13
90	81	178	12
52	87	123	4
49	83	139	8
68	84	164	14
43	82	146	3
34	47	58	1
23	63	52	5
23	54	88	12
35	45	66	4
13	51	47	4
36	71	90	11
57	91	150	5
54	99	196	11
47	94	181	7
52	75	129	11
61	75	143	3
34	72	109	10
52	89	92	8
55	67	91	12
47	49	116	8
54	80	126	8
34	53	93	6
39	51	104	8
20	31	50	2
34	51	127	4
11	18	39	2
1	0	6	0
55	30	54	2
48	30	56	3
40	40	45	7
93	51	103	5
71	53	105	15
121	70	107	17
120	45	102	8
147	59	126	5
116	44	62	7
139	34	62	13
126	30	73	12
141	35	69	10
146	41	53	3
95	32	70	4
74	22	28	4
33	15	39	7
38	27	56	6
60	31	82	5
62	43	129	9
62	46	115	11
89	63	201	15
63	32	181	5
37	52	139	1
40	37	168	3
66	50	141	6
63	77	219	21
128	140	414	13
122	132	457	20
115	93	355	12
98	98	313	12
53	51	329	8
61	51	307	7
49	42	268	10
44	42	240	4
52	44	275	6
67	54	260	9
53	48	259	7
37	56	271	3
36	34	239	4
45	24	135	1
38	30	171	7
10	18	82	4
50	32	210	4
48	35	189	8
72	52	264	3
47	41	242	18
40	55	198	6
4	7	19	0
63	30	201	6
70	52	219	9
40	30	96	6
58	31	118	7
83	35	127	2
55	41	157	7
29	32	112	5
40	36	75	5
24	23	70	13
71	25	59	8
78	38	133	8
90	37	136	2
78	43	143	4
72	29	132	6
127	35	172	4
108	55	122	8
80	31	131	7
132	39	122	14
85	30	83	9
107	46	73	6
208	42	100	6
142	43	86	6
206	34	76	10
166	28	48	2
185	29	81	5
333	57	144	12
296	45	106	12
160	28	55	10
241	42	89	10
72	18	30	5
102	18	30	3
216	46	76	10
196	33	100	6
241	41	108	12
247	38	108	1
301	34	74	12
314	45	97	13
302	56	125	10
290	47	112	20
148	58	133	9
311	60	126	12
322	37	97	19
343	45	69	18
162	49	70	12
296	34	76	8
85	12	26	6
169	19	33	10
188	23	46	3
273	27	124	9
254	26	113	16
92	21	71	9
87	24	76	6
44	19	81	6
47	24	105	3
29	29	88	4
10	8	24	2
1	1	2	1
0	0	0	0
6	0	4	0
0	0	0	0
0	0	2	0
0	0	0	0
3	4	0	0
13	19	38	3
26	35	107	4
38	22	130	5
2	4	32	0
45	27	177	3
49	28	167	5
57	39	272	7
35	30	193	9
43	48	168	9
77	56	198	10
44	45	174	3
43	40	211	5
45	43	277	4
30	37	203	5
7	18	88	4
37	22	220	7
32	24	199	6
26	40	174	4
24	21	183	5
39	16	172	4
7	22	153	12
28	17	94	2
23	29	132	7
60	25	175	16
54	51	182	5
35	37	163	5
32	36	182	15
41	26	159	14
36	24	118	8
73	53	354	12
45	42	256	10
46	46	286	3
49	53	208	2
39	29	163	6
51	27	120	12
22	30	57	7
24	12	56	3
100	39	126	7
133	50	167	7
175	39	120	7
149	41	75	9
63	31	92	3
87	32	125	7
69	23	144	3
47	19	86	8
58	21	60	0
228	42	61	6
270	36	58	12
456	42	83	10
304	37	77	17
219	42	76	14
168	38	78	5
116	27	63	4
90	14	64	9
74	34	135	3
62	24	162	3
51	32	191	3
25	30	152	9
41	30	143	12
27	20	61	6
41	21	217	9
62	40	247	0
47	36	228	8
60	49	247	0
27	42	198	14
14	32	194	9
45	33	237	9
67	28	271	24
77	43	320	9
62	42	214	2
40	20	174	3
15	23	110	5
38	33	254	4
44	24	182	10
24	25	126	7
51	40	290	4
48	37	265	5
55	33	188	12
41	21	146	7
4	8	37	6
29	35	157	10
59	22	186	3
71	29	161	9
66	42	131	9
96	51	131	11
82	40	130	5
27	11	15	3
25	4	34	12
100	27	66	8
110	54	106	9
114	60	133	5
78	39	117	4
10	3	4	0
0	0	0	0
26	19	28	2
25	20	25	4
70	28	75	1
62	37	59	6
66	27	58	7
144	44	116	16
194	42	147	4
200	46	97	9
173	61	143	8
231	46	139	9
98	51	84	4
162	51	162	7
85	38	82	0
87	32	61	9
89	34	98	10
35	23	54	8
50	20	56	5
100	52	183	10
114	63	204	10
78	64	162	9
85	48	156	6
76	50	128	12
54	61	138	8
68	85	166	6
97	53	119	3
83	57	128	11
67	42	96	12
52	26	88	9
146	57	163	12
121	49	135	2
99	55	132	2
97	69	133	9
70	57	149	3
93	55	162	6
62	57	135	9
75	52	93	6
114	50	132	14
123	42	110	10
89	57	107	10
100	35	99	10
102	30	76	9
105	39	84	17
83	36	149	10
90	58	128	9
108	52	163	13
89	44	195	8
71	39	156	12
31	39	139	10
24	24	95	8
35	48	174	5
25	66	194	3
17	41	100	2
5	11	21	2
5	14	29	4
4	5	10	1
7	18	47	5
0	5	5	2
4	5	11	0
1	6	13	2
0	0	2	2
1	1	4	0
11	9	71	4
4	9	24	2
29	22	94	8
4	9	24	0
0	0	0	0
0	2	1	0
0	2	1	0
2	2	9	1
2	3	14	1
6	23	51	2
2	2	17	0
11	12	41	0
56	44	147	3
51	29	146	1
40	28	92	12
57	34	104	7
56	29	75	3
65	44	84	7
21	30	24	6
75	34	76	6
99	67	132	6
122	57	121	1
99	47	116	5
88	30	89	8
121	30	92	7
98	25	55	3
21	19	48	6
145	23	58	5
96	30	88	8
127	43	71	6
66	40	82	5
92	41	93	11
100	58	122	5
123	51	148	3
106	37	97	0
106	43	149	5
146	52	215	9
78	51	207	12
77	67	191	12
86	49	166	8
45	33	89	5
33	23	71	6
70	37	57	11
53	32	57	6
47	24	49	3
31	9	53	5
2	1	2	0
43	29	33	2
94	43	124	2
86	42	182	6
73	44	160	5
52	51	168	8
53	52	167	8
19	28	100	11
51	53	128	7
49	50	132	6
63	30	159	9
77	70	253	10
68	48	261	12
80	63	239	13
62	77	231	4
63	73	214	10
52	75	248	7
92	59	245	10
94	55	206	11
92	52	133	7
143	56	151	9
148	44	184	4
107	56	164	7
92	56	149	8
102	56	182	7
94	60	124	5
162	44	200	8
167	56	290	8
124	48	189	2
88	38	187	7
117	62	223	18
126	43	200	8
152	46	256	8
108	39	163	9
93	22	92	6
82	21	88	1
126	14	76	7
198	38	122	6
174	47	70	14
124	36	70	8
336	37	86	17
232	50	130	3
287	36	66	4
235	42	100	9
245	39	65	9
171	19	39	2
125	23	84	16
80	34	98	11
60	26	96	6
39	9	59	2
9	8	25	5
6	6	18	0
5	2	12	1
17	15	58	5
27	34	188	5
45	44	140	9
50	25	129	13
60	41	184	5
62	33	194	2
58	30	123	8
12	1	17	0
42	29	183	5
54	42	159	10
64	44	189	7
48	32	169	2
24	4	102	0
29	16	89	9
39	30	82	14
45	27	144	9
49	26	171	5
64	30	183	4
65	50	246	11
57	50	192	2
40	45	205	11
22	11	93	2
9	9	30	2
11	6	40	3
8	6	65	5
63	40	243	2
47	49	221	6
50	49	265	6
42	44	221	4
24	26	132	2
28	27	187	7
41	42	266	6
49	33	308	3
29	30	200	3
25	26	159	4
23	23	203	6
20	11	75	13
52	22	218	22
68	25	280	9
29	38	132	10
40	42	127	14
74	33	234	13
45	32	160	16
13	15	48	5
51	29	117	8
65	22	119	9
22	23	66	6
81	25	117	6
89	40	154	9
78	43	109	7
106	47	149	15
86	51	131	3
110	50	155	7
84	43	90	8
126	39	117	7
195	50	129	4
262	42	96	10
342	37	130	6
327	30	107	10
549	53	131	11
447	51	122	14
257	50	81	17
348	37	105	33
300	53	142	20
234	37	119	10
380	43	147	19
189	29	102	3
99	22	52	4
200	34	120	2
212	39	108	5
39	16	27	7
126	29	46	4
123	35	53	4
117	31	68	7
109	34	77	11
126	47	112	12
131	37	90	8
83	31	77	5
101	36	70	6
62	23	57	10
128	45	85	6
119	37	127	5
82	51	67	9
82	47	87	10
87	41	87	5
72	36	86	10
112	46	111	4
54	48	118	7
5	10	37	3
92	40	85	4
35	27	50	10
62	40	71	11
123	63	95	11
126	52	92	17
116	54	101	5
110	61	84	9
91	44	88	11
122	59	131	3
92	68	101	7
63	40	91	5
74	33	93	4
80	46	109	7
95	52	94	10
82	43	63	16
91	51	71	4
77	41	62	6
78	53	43	4
78	39	73	6
97	35	85	10
83	28	72	5
104	43	118	6
94	38	119	9
88	40	99	5
50	41	40	5
78	41	76	14
118	48	119	8
52	27	31	4
25	14	21	0
30	13	27	0
5	2	3	2
0	1	1	0
37	10	12	2
86	35	48	9
83	31	42	5
63	49	59	4
43	33	42	6
68	36	61	2
79	47	47	6
78	55	87	8
67	26	57	7
89	42	85	3
114	59	112	5
105	47	137	5
77	37	89	9
56	55	84	3
65	38	73	3
72	56	110	7
76	25	95	8
68	25	79	4
72	63	119	14
61	49	91	0
100	35	91	4
111	55	94	3
106	41	82	12
6	0	2	1
0	0	0	0
40	11	17	0
66	32	57	8
113	41	102	2
84	42	112	4
92	35	107	17
109	58	95	12
108	49	113	12
96	33	97	5
74	42	60	3
42	22	49	8
22	23	32	3
89	33	49	9
66	39	55	16
112	26	91	10
79	50	97	7
62	32	77	8
108	38	93	5
128	39	110	8
144	38	114	12
101	36	86	10
111	47	100	10
149	37	114	11
198	61	78	13
98	20	82	6
91	44	94	7
136	48	161	7
103	52	117	5
83	44	84	7
78	31	100	5
78	41	138	3
47	30	111	8
124	35	143	7
85	39	132	8
59	35	81	7
53	31	135	11
43	42	135	6
43	28	91	4
55	34	160	8
51	22	210	8
48	35	163	4
46	40	158	4
45	39	197	3
31	25	158	5
41	19	173	0
32	22	172	2
46	31	215	8
45	37	285	10
38	35	208	6
27	25	187	13
38	43	236	11
36	54	241	6
55	51	287	3
76	99	445	16
98	81	499	17
24	26	196	6
26	24	154	4
48	44	273	10
55	31	129	2
42	31	114	2
30	38	109	0
39	26	161	4
10	12	77	7
55	54	176	9
30	48	170	5
35	33	127	6
32	29	66	4
41	32	141	12
39	24	133	3
59	41	176	12
51	30	162	11
38	55	114	9
58	34	120	12
45	40	90	9
62	48	132	7
50	47	133	7
63	43	105	2
56	40	135	3
81	49	137	6
119	42	100	4
58	24	42	8
148	25	71	3
202	23	77	13
373	38	111	15
466	54	109	10
345	41	83	18
216	45	72	12
426	45	113	19
669	66	117	20
322	37	118	9
246	40	135	9
98	37	70	2
173	22	89	5
145	30	122	3
157	52	127	10
166	33	98	12
117	23	80	2
138	29	54	10
132	30	57	4
259	38	97	5
399	28	92	8
350	37	50	18
295	31	105	14
304	50	80	14
184	31	81	11
136	42	101	10
243	47	103	8
228	46	115	17
252	43	143	7
239	43	142	11
239	34	91	7
70	29	77	4
57	25	83	4
57	23	120	8
56	24	96	6
67	25	106	2
56	25	101	1
47	13	79	5
42	47	185	10
35	49	232	12
49	28	232	2
51	39	301	14
43	37	212	4
42	51	230	5
44	28	186	6
30	27	118	11
35	30	163	2
62	45	278	15
22	26	148	10
45	45	123	12
71	35	209	5
85	24	160	6
73	21	109	6
64	41	120	6
69	39	157	0
89	46	154	15
83	29	71	6
116	33	117	6
100	25	128	5
77	40	163	7
110	24	155	10
97	31	98	4
107	24	97	6
81	50	90	6
355	50	182	14
307	57	137	13
19	6	7	0
0	0	0	0
0	0	0	0
0	0	0	0
0	0	0	0
0	0	0	0
0	0	0	0
0	0	0	0
0	0	0	0
0	0	0	0
0	0	0	0
0	0	0	0
0	0	0	0
0	0	0	0
0	0	0	0
0	0	0	0
0	0	0	0
0	0	0	0
0	0	0	0
0	0	0	0
0	0	0	0
0	0	0	0
0	0	0	0
0	0	0	0
0	0	0	0
0	0	0	0
0	0	0	0
0	0	0	0
0	0	0	0
0	0	0	0
0	0	0	0
0	0	0	0
0	0	0	0
0	0	0	0
0	0	0	0
0	0	0	0
0	0	0	0
0	0	0	0
0	0	0	0
0	0	0	0
0	0	0	0
0	1	0	0
0	2	0	0
287	30	94	3
177	43	117	11
144	44	129	0
95	42	143	9
88	48	110	7
74	44	106	6
55	40	123	10
52	40	164	5
24	13	62	4
48	34	93	3
35	35	110	4
45	37	121	0
50	22	140	10
21	6	52	0
18	15	61	7
10	19	78	4
1	6	17	0
5	8	18	0
30	43	146	8
47	22	165	10
12	0	38	1
52	29	115	3
65	42	208	3
55	47	252	2
41	40	222	2
45	39	180	5
41	32	175	9
44	32	221	7
52	41	222	8
40	27	139	6
49	22	116	3
52	33	106	3
37	35	182	4
58	34	154	13
54	25	148	6
12	21	59	13
5	9	36	7
21	26	55	7
60	25	117	8
89	43	136	9
88	35	119	11
81	23	71	9
52	19	58	8
25	21	39	7
10	13	45	7
12	20	40	0
25	34	70	0
40	31	80	2
33	19	61	10
39	16	83	8
21	15	40	4
40	24	117	2
57	19	104	10
104	45	253	8
57	62	205	4
48	47	193	3
62	27	249	7
31	39	80	7
26	32	100	7
49	43	236	1
43	33	204	11
64	39	262	8
54	53	166	9
36	39	119	4
62	39	128	14
48	18	120	9
76	29	146	17
45	26	102	7
70	47	112	13
89	34	77	14
77	44	90	8
19	20	53	4
119	43	65	3
135	30	64	5
129	50	117	10
159	35	79	5
412	62	112	41
188	33	50	13
136	35	47	7
132	37	75	12
169	31	31	10
104	30	56	9
195	42	92	12
80	52	115	9
85	37	53	8
52	34	63	10
86	53	74	13
64	67	93	22
52	65	44	8
31	88	43	16
51	151	91	18
35	177	86	15
37	245	136	13
41	327	165	22
29	312	84	5
75	493	165	15
54	488	174	9
69	420	112	8
70	523	189	12
63	618	234	23
46	477	162	22
29	482	115	11
19	537	139	9
45	433	120	14
53	476	149	13
55	708	215	13
50	692	194	15
42	452	119	5
36	493	126	9
43	763	217	10
46	902	241	24
47	967	226	25
43	856	206	29
27	632	186	16
40	701	190	12
43	616	167	12
54	467	118	12
51	785	187	24
46	555	205	30
39	217	84	9
32	301	146	22
34	231	189	12
41	420	196	22
48	433	192	9
55	683	235	13
71	942	267	24
48	733	234	21
43	711	183	13
19	707	176	10
74	984	302	22
38	788	176	16
43	468	95	8
54	570	143	19
37	520	147	11
49	501	159	9
30	472	136	15
30	505	135	13
35	571	198	9
33	529	148	14
36	400	109	11
48	394	86	10
58	500	192	12
59	671	248	20
66	566	248	15
56	511	200	23
72	467	190	14
45	408	149	10
45	348	114	16
51	345	169	16
51	308	147	2
23	223	95	9
48	292	121	6
53	282	173	13
28	332	114	7
29	295	97	9
7	189	80	6
32	274	76	12
33	347	148	20
29	365	175	20
55	478	189	9
34	307	116	17
19	267	95	4
43	256	105	11
39	295	105	16
57	366	170	13
45	375	193	14
61	367	139	13
42	311	122	7
42	302	153	18
37	274	146	14
37	309	194	1
47	314	153	13
20	225	78	7
74	346	188	10
72	453	199	12
70	333	177	12
47	298	126	4
71	282	165	14
35	297	126	12
57	321	149	8
35	313	132	9
15	181	30	2
40	220	80	9
37	210	76	6
47	289	134	10
33	274	114	11
32	165	59	10
45	175	140	13
50	339	169	12
57	271	100	7
44	357	154	10
27	303	125	4
36	182	108	11
56	337	181	10
47	164	117	9
26	290	107	6
41	327	186	17
44	277	141	9
44	195	100	3
48	204	83	6
35	165	113	8
29	177	123	12
36	173	150	6
51	198	130	6
48	115	61	4
44	103	67	6
19	83	58	4
11	51	38	5
50	42	59	3
42	53	91	6
50	54	78	12
30	39	66	6
22	31	39	6
15	26	19	2
14	48	60	8
17	38	52	6
33	69	46	6
40	74	60	11
41	75	70	12
57	63	60	7
42	56	62	12
46	70	74	21
51	48	60	5
49	80	73	11
32	90	62	6
37	85	60	10
39	74	66	5
44	71	109	10
47	87	105	13
52	87	93	7
25	52	35	11
26	67	35	2
20	58	39	6
24	52	34	10
42	63	37	5
40	47	57	4
79	77	121	3
46	75	85	11
48	77	91	8
46	60	105	4
44	48	59	5
64	75	85	11
51	71	126	2
43	75	104	5
27	48	89	9
35	72	110	9
38	79	102	6
32	70	69	3
49	80	106	7
62	82	95	5
48	56	67	2
53	76	53	10
50	72	98	9
51	76	100	6
57	58	133	12
65	67	112	7
53	54	97	6
54	60	120	5
80	84	174	7
41	73	81	3
43	58	55	6
42	59	56	7
67	59	95	8
48	79	80	7
49	70	76	7
59	71	91	10
76	70	108	12
67	96	94	13
26	51	47	7
37	60	52	4
69	58	68	6
63	48	108	11
73	72	77	6
29	52	34	7
45	44	44	4
59	68	83	5
70	69	127	13
42	81	107	10
54	71	59	5
45	49	60	9
53	80	86	0
68	100	107	10
55	71	71	12
87	90	124	13
60	69	107	6
8	10	17	6
53	32	72	5
53	61	60	10
45	54	100	6
14	32	33	10
40	36	48	6
39	46	54	8
51	61	104	7
56	54	107	15
67	57	74	4
60	58	81	13
56	37	81	5
63	57	86	5
75	58	81	4
52	40	88	9
44	61	61	2
55	76	68	6
59	62	67	2
64	52	61	5
47	51	39	6
85	43	83	3
52	37	54	5
62	52	45	10
46	36	35	11
47	64	73	14
62	63	56	15
81	67	58	6
57	58	66	6
68	74	93	10
73	68	108	10
66	60	103	10
60	42	35	7
14	10	16	0
41	33	54	4
58	45	71	3
38	32	28	5
9	24	40	5
43	58	93	11
68	56	95	13
38	49	63	9
57	65	101	6
49	69	97	10
69	63	97	16
68	46	129	4
34	47	96	9
10	13	23	1
16	27	50	3
37	44	71	3
11	47	33	7
37	64	70	7
66	58	112	2
52	70	136	5
44	65	134	5
47	51	127	6
64	100	109	7
66	78	139	7
54	92	157	10
54	94	149	6
57	47	108	6
46	61	100	2
48	53	94	6
52	46	95	4
17	44	62	11
57	60	159	6
42	44	72	8
17	33	34	8
32	70	85	10
63	84	92	6
67	118	112	15
48	90	88	11
54	67	78	10
46	59	90	9
21	59	76	3
1	32	35	1
35	63	72	2
60	83	105	6
53	55	116	6
44	78	101	4
61	66	82	6
24	26	49	13
29	45	81	11
51	80	109	5
43	57	136	4
57	61	121	10
34	62	98	16
43	55	75	12
40	59	117	13
37	64	134	7
56	81	154	17
63	78	203	16
34	44	138	9
48	68	152	11
39	87	182	9
44	75	155	13
43	69	128	8
35	74	123	8
57	81	146	9
46	73	134	7
48	57	133	6
29	58	124	4
44	53	136	6
18	52	112	4
44	64	119	3
43	41	132	7
46	64	130	1
57	73	132	9
54	60	141	5
33	58	128	4
30	59	184	9
29	68	142	5
51	78	181	9
44	54	155	7
33	72	138	7
41	61	164	5
32	71	151	6
46	51	173	7
41	53	211	6
20	70	256	9
53	57	214	7
52	69	264	4
53	61	199	15
39	51	150	12
41	74	228	10
47	59	220	7
36	51	148	6
41	48	153	5
53	60	246	3
42	73	195	9
37	67	215	3
43	77	245	2
37	57	226	8
29	73	209	3
43	61	187	6
55	60	204	10
48	74	216	7
33	92	183	8
39	68	193	5
47	76	207	7
44	47	160	8
39	58	181	4
56	73	203	2
55	67	169	2
26	63	143	8
52	64	159	10
39	81	183	6
52	80	159	6
26	60	125	11
49	92	174	8
52	80	165	6
37	62	153	9
37	65	136	11
52	88	196	9
33	38	105	5
68	69	189	1
61	89	209	11
47	82	178	8
53	70	142	14
60	68	166	11
57	69	111	4
50	54	119	8
42	54	94	6
57	38	124	6
38	65	64	9
5	29	50	5
45	52	99	11
82	69	134	8
72	62	151	12
79	54	131	12
76	56	121	10
60	47	120	11
65	72	138	9
74	63	100	12
64	43	68	9
63	24	31	11
60	40	40	10
45	37	52	3
73	55	98	4
78	49	86	5
73	33	84	4
36	40	74	4
35	29	75	5
14	21	27	5
36	26	29	5
91	39	93	11
25	39	50	6
66	47	79	9
78	55	105	10
63	33	71	5
69	48	70	3
89	73	161	5
100	57	147	9
109	66	124	8
63	50	66	0
69	34	110	12
37	30	54	5
68	64	110	1
88	63	149	10
108	64	144	5
61	41	133	8
52	56	167	9
60	56	149	6
88	49	208	15
81	57	145	8
83	47	162	6
78	44	127	13
63	36	76	4
25	27	30	4
16	32	64	4
52	31	204	7
55	29	205	13
51	35	155	5
56	40	191	9
45	31	131	7
41	34	161	3
41	27	131	6
33	27	175	3
49	35	177	7
27	40	201	8
44	24	233	2
46	38	155	7
36	34	210	6
42	27	290	4
44	30	206	6
60	64	425	3
47	38	348	9
15	16	121	7
19	22	123	3
39	24	199	13
40	28	152	9
52	33	161	6
31	47	200	5
27	43	264	15
54	49	269	8
21	34	146	10
35	24	143	7
34	15	107	5
30	33	163	8
53	36	239	8
25	50	123	3
14	18	113	6
15	28	48	2
35	24	132	4
24	32	112	5
28	23	64	12
54	25	120	10
58	40	131	9
66	31	147	10
98	34	159	2
127	44	178	14
118	34	90	18
84	19	69	14
165	29	96	15
80	41	93	15
156	41	195	7
127	51	117	12
65	35	114	12
74	39	108	4
152	31	111	15
166	32	150	6
14	9	12	1
0	0	0	1
0	0	1	0
0	4	7	2
2	0	4	0
0	0	0	0
0	0	0	0
0	0	0	0
0	0	0	0
1	0	1	0
19	4	7	0
0	0	0	0
4	0	6	0
4	8	4	2
8	13	38	2
0	3	3	0
2	1	1	2
35	30	93	1
25	26	76	0
0	1	1	1
0	0	0	0
0	0	0	0
0	0	0	0
0	0	0	0
0	0	0	0
0	0	0	0
0	0	0	0
11	5	25	1
13	11	35	2
0	0	2	0
2	2	8	1
0	0	0	0
1	0	2	0
3	0	11	0
0	0	5	0
0	0	0	0
0	0	0	0
0	4	10	1
29	49	118	2
49	76	155	5
29	47	117	2
33	25	93	6
0	1	1	0
0	0	0	0
0	0	0	0
5	7	13	0
49	39	71	7
40	40	58	12
79	73	136	10
74	113	166	7
72	96	194	12
57	121	155	7
56	120	192	4
49	109	215	9
40	87	132	5
50	85	113	4
40	63	85	7
59	98	112	8
45	113	106	8
24	88	62	15
36	133	83	4
49	142	128	15
58	212	198	17
69	225	228	3
62	188	174	11
70	230	147	5
49	213	115	8
69	277	182	11
61	254	171	15
55	266	197	10
63	258	172	17
68	196	149	11
40	167	108	7
3	7	3	0
3	12	7	1
0	3	2	0
20	130	38	9
5	19	9	1
14	132	68	3
7	46	17	1
1	6	1	0
20	194	67	12
35	264	45	3
34	230	53	7
48	373	124	14
43	314	128	13
51	280	101	16
56	225	67	9
48	225	43	9
85	382	135	11
62	356	160	11
67	337	138	15
49	224	104	22
77	245	143	32
79	212	181	11
98	352	226	23
98	329	164	12
49	382	109	31
52	440	123	18
36	421	96	17
68	456	93	11
88	603	144	22
37	358	72	10
50	519	132	15
66	656	159	22
68	521	149	11
41	357	98	8
42	383	73	10
43	475	147	22
55	376	124	10
44	326	95	11
61	388	113	8
63	402	118	8
87	410	147	10
49	214	79	7
39	235	41	5
41	234	82	11
70	336	163	14
89	361	175	19
46	276	115	18
62	171	99	12
54	210	129	8
63	220	159	13
54	219	124	10
49	161	106	0
28	122	67	9
48	167	64	8
58	173	118	10
55	205	135	15
46	151	104	8
37	135	91	15
36	112	39	3
41	170	77	15
60	215	132	15
71	202	105	10
72	187	122	17
42	135	84	3
41	118	50	6
29	104	71	7
41	63	70	9
16	90	64	17
51	130	94	6
18	100	51	11
36	75	71	8
47	81	75	7
52	80	71	7
37	65	56	8
62	130	88	8
59	107	71	14
52	118	60	9
80	132	97	15
37	109	68	9
55	123	58	6
62	120	73	3
52	144	86	3
40	101	115	5
53	105	96	5
46	90	69	8
49	105	70	10
45	93	111	12
51	133	75	10
41	135	65	8
60	113	78	5
12	82	49	7
30	92	65	3
55	124	64	19
72	101	83	5
97	151	100	9
43	117	74	13
55	101	72	5
73	134	98	11
65	130	108	11
55	140	66	15
32	97	59	11
40	79	48	13
71	120	121	9
104	144	126	11
81	135	76	5
57	104	81	11
52	156	96	12
77	184	124	6
63	153	149	10
60	119	109	10
35	73	51	11
36	102	66	12
53	104	100	7
81	162	148	17
96	173	122	3
54	136	123	7
62	87	87	9
78	158	124	18
75	186	132	8
63	127	121	4
81	115	91	6
40	94	81	6
60	115	83	10
54	149	116	10
96	149	104	8
121	105	93	12
147	154	96	11
34	86	51	3
62	115	109	13
73	99	95	6
80	123	128	19
71	120	120	11
51	59	56	5
87	120	112	19
66	94	96	15
79	114	76	8
14	84	50	6
88	104	76	9
61	111	66	6
77	129	98	12
82	145	97	17
74	94	56	15
89	65	77	17
106	99	93	12
116	103	121	3
100	95	115	17
112	98	112	24
118	118	190	15
120	127	162	22
91	106	68	3
80	88	76	12
103	98	116	16
126	140	116	24
119	105	152	24
68	69	137	15
53	64	120	11
8	35	29	6
42	46	87	3
59	42	72	10
68	31	96	6
73	62	105	10
106	68	159	16
83	68	84	11
61	68	75	9
72	75	115	5
56	83	105	3
33	56	65	8
27	72	47	6
35	151	116	13
65	137	144	12
55	112	112	8
48	143	142	8
80	151	192	10
82	192	168	18
75	222	140	12
52	204	166	10
59	215	177	6
43	157	107	11
39	143	103	12
16	65	38	4
29	112	51	4
51	176	103	6
0	0	0	0
0	0	0	0
0	0	0	0
0	0	0	0
0	0	0	0
0	0	0	0
0	0	0	0
0	0	0	0
10	39	12	0
84	269	175	13
24	192	101	13
64	251	120	13
50	300	148	5
47	196	106	9
48	280	153	3
26	202	61	3
41	201	57	13
48	218	72	7
52	320	99	9
59	239	87	9
27	156	53	9
19	139	49	7
64	252	177	20
62	176	156	12
43	275	85	16
49	231	103	10
37	199	129	3
39	140	95	7
14	118	43	14
17	106	43	3
18	106	65	5
55	272	148	14
54	238	147	7
66	188	145	4
46	122	86	10
10	54	30	8
4	18	12	0
27	67	36	10
55	117	79	12
19	68	42	5
28	94	79	2
70	125	96	6
43	100	92	3
39	52	27	8
22	46	30	5
0	0	0	1
0	2	2	1
16	41	50	4
82	56	84	16
63	70	53	8
50	61	31	5
100	66	79	11
52	45	54	6
13	19	25	1
5	4	3	2
88	55	62	7
81	68	111	10
117	77	121	13
100	50	125	7
105	58	88	4
65	33	43	4
81	64	73	13
77	48	65	2
104	56	80	8
82	50	65	0
8	1	7	3
61	34	90	7
95	63	114	11
61	35	136	8
6	14	30	3
2	6	27	5
49	40	103	1
22	6	21	2
89	29	56	5
48	30	102	6
35	35	98	2
38	28	109	1
32	19	83	2
34	47	126	5
17	31	70	6
15	20	84	4
28	22	102	4
40	38	102	11
37	31	69	6
42	41	98	7
24	33	102	10
50	44	202	11
31	29	165	7
32	32	131	6
9	8	17	1
20	5	24	2
0	0	0	0
1	0	1	0
7	8	39	3
15	18	139	3
7	5	52	1
22	9	81	2
32	28	170	7
31	27	169	3
12	19	82	13
36	29	199	7
29	26	174	5
62	37	280	10
61	53	236	4
49	45	212	9
34	49	186	11
39	45	167	5
42	33	122	5
18	28	72	6
44	41	154	10
37	35	157	12
42	41	157	8
50	43	218	7
47	35	196	4
48	41	193	2
69	64	218	4
26	31	166	10
45	53	201	11
39	50	224	12
62	41	165	6
46	36	169	12
48	36	145	7
42	47	169	6
14	15	153	5
56	19	131	7
18	15	84	1
43	38	133	6
37	56	104	3
37	21	112	9
52	59	109	9
111	39	105	8
150	55	101	6
157	35	62	5
225	39	59	1
348	58	115	11
123	31	140	6
187	36	276	17
48	9	57	5
83	4	83	4
174	42	244	12
175	36	236	6
254	41	254	13
176	25	129	17
154	38	124	6
153	38	154	8
104	38	176	11
67	31	150	11
26	17	95	5
20	16	60	5
41	29	104	8
56	43	145	8
58	32	157	9
49	28	167	7
28	18	130	5
21	18	106	10
47	30	181	9
5	29	99	8
46	30	240	1
29	28	180	7
46	63	242	4
44	30	239	3
21	23	143	3
28	49	98	9
31	31	174	13
48	28	177	4
36	30	149	5
43	38	211	3
22	35	181	5
23	26	184	5
38	39	228	7
65	38	215	12
56	37	213	12
30	33	167	10
37	26	96	9
46	28	205	7
39	33	172	15
36	34	214	11
39	49	227	11
33	21	110	3
32	17	97	4
5	10	73	11
21	11	48	3
50	40	120	1
51	38	113	6
41	30	96	2
43	43	115	7
14	20	27	4
37	22	49	3
86	37	127	1
70	32	82	4
97	28	95	9
66	20	66	6
84	15	52	9
127	25	101	4
174	45	123	7
134	32	96	7
96	26	48	9
247	39	67	8
263	25	60	21
377	23	76	11
189	17	69	12
170	27	68	8
85	19	38	4
63	23	61	3
38	23	56	8
36	31	98	4
56	23	84	2
22	11	57	5
48	26	87	6
40	24	152	10
50	24	127	9
43	22	117	5
38	34	131	9
56	44	191	13
58	37	125	4
47	38	155	6
56	44	130	8
50	29	99	7
46	15	83	1
47	26	90	5
50	39	82	6
60	39	119	6
42	21	96	6
8	2	19	1
23	11	46	1
68	28	101	6
64	34	87	4
60	23	71	6
54	36	111	8
77	30	128	3
41	33	75	3
43	30	126	14
49	41	78	7
34	29	64	14
33	37	94	5
46	49	111	5
51	46	151	4
39	40	152	7
41	33	136	13
51	60	160	5
43	43	174	4
60	36	173	9
46	38	104	7
38	32	112	12
42	32	129	6
43	48	188	15
58	38	170	8
36	54	151	4
32	40	119	3
33	46	95	0
41	52	108	11
36	46	104	2
48	32	76	9
38	31	74	5
30	31	89	3
36	37	88	6
30	43	124	7
38	35	94	7
44	24	128	7
57	39	105	5
38	23	134	5
61	39	139	6
48	48	107	10
45	30	72	5
38	26	82	4
53	43	78	9
68	30	79	2
59	34	100	4
51	37	70	8
41	31	79	7
49	33	67	4
27	41	53	5
34	44	53	11
27	12	45	7
30	30	67	2
37	29	100	2
28	32	47	2
13	6	18	1
14	9	26	1
53	43	94	10
54	39	91	4
50	34	116	7
44	49	138	11
35	28	110	7
52	39	108	8
46	48	104	5
59	61	106	8
31	41	103	6
80	48	169	10
44	28	88	4
44	21	45	1
10	25	64	6
40	36	115	12
67	32	185	8
53	37	191	7
36	52	186	7
35	53	179	3
28	51	238	8
43	33	260	6
50	31	160	4
43	51	188	12
56	51	253	8
35	63	217	2
29	38	229	5
46	50	178	7
50	40	139	9
49	33	203	4
65	50	226	8
43	46	187	8
65	32	296	9
45	57	257	4
69	46	200	6
55	47	206	2
58	42	204	8
44	31	119	10
80	40	159	11
183	33	125	9
54	20	36	2
248	32	61	4
389	36	109	14
605	43	102	8
519	36	82	10
394	37	56	16
434	40	63	7
280	49	107	5
418	41	137	6
318	48	141	8
211	25	169	8
169	38	130	11
191	38	130	12
136	24	93	9
80	28	69	7
69	17	90	7
95	22	109	10
81	27	121	6
91	42	177	10
108	46	227	7
84	52	186	7
71	38	147	11
75	54	160	7
19	6	36	0
0	0	0	0
0	0	0	0
1	0	4	0
6	1	6	1
6	6	8	1
138	45	115	0
131	29	92	6
252	35	101	2
257	32	139	7
42	8	43	3
78	27	62	6
56	22	41	4
1	1	1	0
0	0	0	0
0	0	0	0
0	0	0	0
2	0	2	0
0	0	0	0
0	0	0	0
0	0	2	0
0	0	0	0
0	0	0	0
0	0	0	0
0	0	4	0
0	0	0	0
16	9	7	4
192	41	100	6
149	36	80	5
115	21	76	7
59	20	69	11
109	46	173	9
83	50	173	9
61	30	130	6
43	24	131	5
20	18	79	14
48	24	148	2
57	40	273	10
59	31	298	5
48	53	294	12
47	56	315	17
63	46	320	15
34	46	220	11
36	38	138	12
32	36	163	9
48	38	180	11
36	32	223	12
42	31	193	8
50	33	235	10
34	29	173	8
52	44	126	6
47	34	246	3
23	28	161	5
65	39	203	4
51	27	190	7
45	25	192	5
31	46	157	2
53	34	195	9
40	47	192	4
43	33	137	4
56	48	174	1
52	43	205	5
58	35	202	3
49	56	173	11
43	28	165	7
32	45	162	6
2	20	82	0
28	34	79	13
31	32	112	8
34	31	77	6
29	23	54	7
28	19	81	8
28	31	101	4
70	53	225	5
79	49	225	6
75	48	160	7
13	11	28	4
27	22	103	9
31	40	145	6
21	12	71	3
9	21	57	4
41	36	108	4
24	32	127	0
32	15	88	6
22	18	83	7
32	20	134	9
30	30	185	12
26	30	148	5
22	38	164	6
31	42	161	5
50	39	174	5
62	47	252	9
50	48	239	14
6	24	72	4
5	3	57	0
36	37	134	8
36	21	88	2
47	26	189	1
39	45	202	3
45	53	249	12
37	45	155	4
42	20	62	5
25	20	64	5
39	32	83	5
53	21	128	7
58	16	66	0
40	16	84	3
21	22	41	1
87	23	53	0
196	55	105	10
269	48	95	13
366	52	119	3
380	34	118	9
111	28	43	10
180	28	71	15
201	14	82	4
11	14	23	4
82	15	83	2
192	34	195	8
20	5	33	4
0	0	0	0
2	2	2	0
1	0	0	0
8	8	44	4
54	30	183	4
74	21	162	6
79	39	210	11
67	41	202	3
66	40	208	4
55	19	113	2
5	5	41	0
5	6	32	0
31	20	45	4
9	6	28	1
0	1	0	1
0	0	0	0
0	0	1	0
9	9	13	0
92	47	95	4
107	29	99	0
34	21	67	5
93	35	60	8
108	62	104	13
199	61	143	11
61	21	68	5
100	34	68	8
98	41	60	6
78	34	52	8
58	37	63	15
49	34	66	6
26	24	39	8
27	31	49	6
71	47	169	9
87	71	153	13
40	28	93	6
32	50	123	5
37	26	58	2
44	35	80	12
123	56	148	8
61	46	117	7
40	53	58	5
74	46	108	9
70	72	104	15
83	57	108	7
60	60	75	6
90	63	76	11
77	37	75	6
35	15	39	6
3	5	4	4
53	31	41	4
159	49	123	5
106	46	97	9
49	36	41	7
97	27	67	10
80	53	111	1
75	34	84	6
67	31	50	7
86	43	66	5
164	65	134	2
167	76	132	7
111	27	90	11
93	34	86	13
106	48	83	7
79	55	90	4
52	45	77	9
62	41	91	5
64	49	93	6
50	26	61	10
40	22	35	4
44	24	47	4
44	32	64	1
111	61	108	7
85	62	149	12
44	38	114	10
54	40	88	8
92	34	98	14
92	52	78	2
120	46	113	0
104	42	132	2
53	31	94	6
28	8	25	0
25	5	9	2
89	15	46	4
147	31	76	11
69	17	38	13
86	27	56	2
130	23	55	2
159	28	91	11
115	33	64	6
87	52	153	3
65	46	95	4
62	49	110	4
34	23	53	6
14	13	30	1
46	24	112	1
24	12	67	4
47	33	134	2
46	30	162	5
13	22	104	6
27	20	153	5
33	49	254	6
29	42	213	6
45	42	217	4
51	44	172	8
47	43	206	1
54	38	285	8
53	30	197	3
34	40	149	11
30	51	207	15
13	38	114	6
36	52	209	4
39	20	171	11
59	49	203	5
56	37	265	8
50	29	211	4
22	27	77	0
17	20	97	8
0	1	0	0
0	0	0	0
5	8	16	0
37	24	111	2
59	32	168	8
38	28	100	3
60	30	123	9
53	40	103	3
70	48	103	9
108	50	125	10
207	42	105	9
267	41	127	8
309	32	89	8
345	21	49	5
87	23	47	9
61	26	85	3
4	6	27	3
20	19	125	11
6	14	82	2
28	19	132	3
18	19	38	3
9	9	7	0
461	39	126	13
458	48	91	32
43	9	9	1
283	15	30	7
157	12	20	7
126	16	43	4
137	30	62	8
146	24	54	4
145	47	104	10
108	45	103	5
81	50	77	7
62	32	75	7
61	23	48	5
160	48	134	8
76	19	67	7
74	36	86	2
106	54	87	4
86	53	102	4
96	52	85	4
113	45	96	7
86	57	110	15
98	42	99	10
107	50	136	10
64	60	131	12
90	65	150	10
72	47	144	5
65	47	129	11
92	57	133	20
78	52	125	10
23	35	65	5
63	33	78	3
32	30	40	11
9	12	25	3
11	13	25	7
16	17	37	0
71	58	65	11
100	68	108	11
107	61	75	6
91	66	110	7
90	72	113	4
69	62	82	2
59	51	71	10
57	32	61	4
81	50	68	2
70	66	51	5
5	2	8	2
2	1	0	0
1	5	0	0
10	19	23	0
31	16	21	4
4	3	0	0
2	6	4	0
63	31	41	10
2	3	7	3
16	18	27	6
54	29	53	5
13	7	12	6
25	27	42	7
49	53	49	9
62	34	59	5
86	38	53	8
80	41	69	6
58	42	47	8
49	36	37	3
33	29	20	3
83	62	95	8
67	48	83	5
37	54	42	6
62	51	87	9
77	68	96	11
61	58	72	11
73	52	103	5
55	39	116	11
46	45	51	6
66	61	72	6
86	69	90	9
94	59	85	12
60	51	53	6
86	62	83	6
21	36	63	10
40	43	46	9
56	51	92	10
52	40	52	4
68	43	82	5
17	24	31	2
35	38	30	1
27	23	37	1
35	64	83	8
70	59	151	6
22	47	55	7
61	53	71	10
64	60	65	6
30	41	57	2
44	45	51	7
55	58	67	8
54	66	72	9
59	47	68	8
40	28	63	8
64	56	96	16
70	60	99	7
70	64	121	11
54	57	106	10
62	74	109	16
54	66	80	6
58	119	75	7
47	113	79	12
78	198	122	4
55	235	162	8
59	286	114	17
57	278	104	18
56	239	91	5
57	232	88	14
45	184	87	5
34	165	75	7
51	297	157	17
35	270	126	15
56	338	134	13
35	386	128	11
35	337	119	12
27	323	55	12
47	389	78	13
31	266	92	7
10	202	61	10
7	86	19	5
52	374	151	7
51	405	162	14
44	358	126	10
46	379	158	12
45	444	188	10
60	519	192	10
49	409	141	20
31	326	105	8
24	321	116	14
41	466	179	7
35	513	151	10
23	374	98	8
44	370	91	14
43	307	95	14
24	347	91	4
28	650	168	20
11	303	70	8
39	501	186	12
36	564	147	19
54	559	221	10
56	582	197	18
32	337	131	11
43	234	70	18
33	392	120	17
53	389	167	19
51	300	139	14
51	403	176	12
45	475	173	8
58	667	230	10
49	652	170	11
32	567	117	9
44	589	162	21
9	42	16	1
9	85	10	1
46	641	194	8
49	548	116	9
29	401	97	6
26	430	87	11
11	289	55	6
13	215	42	10
33	451	103	9
39	556	200	11
35	425	141	17
69	613	215	6
68	499	175	13
42	436	151	13
28	461	143	12
41	410	139	13
31	362	129	18
9	162	56	9
54	430	99	8
63	510	173	13
58	509	183	12
64	497	160	13
40	407	195	12
28	417	176	10
46	511	132	12
36	289	130	9
56	393	153	14
49	514	168	10
46	346	121	15
30	262	96	7
34	263	118	9
34	258	92	6
44	274	130	4
46	290	123	10
17	193	78	8
13	190	65	12
22	232	59	9
31	215	72	8
33	246	90	10
21	197	78	8
50	228	84	4
53	245	156	7
30	186	96	14
55	246	168	15
23	105	53	2
7	124	69	0
20	108	62	5
27	224	163	11
13	159	68	4
42	214	132	11
16	83	48	5
23	79	50	6
32	140	71	6
23	159	38	7
49	187	94	7
50	214	131	12
55	166	126	10
60	172	135	6
51	125	79	5
36	109	55	1
24	95	28	7
35	147	76	8
33	137	89	10
41	90	63	5
22	105	79	10
5	38	33	2
46	127	93	6
50	165	131	7
52	152	90	12
40	71	63	5
18	71	77	5
30	75	84	9
58	103	106	11
71	106	96	17
76	124	165	7
70	126	133	3
72	102	121	5
63	107	109	11
49	88	50	10
33	51	66	7
68	66	98	6
14	30	28	1
37	46	47	2
50	57	62	11
42	46	78	13
71	57	95	4
87	53	116	10
89	61	82	15
70	35	81	8
13	19	70	1
22	26	59	3
37	35	50	6
35	48	69	11
66	38	119	6
79	45	147	8
37	40	103	7
45	54	98	4
33	39	171	3
31	28	149	10
38	44	199	16
33	33	149	11
40	63	222	11
45	34	192	13
18	16	84	15
16	33	134	4
26	18	109	9
36	21	93	5
9	17	83	7
25	25	212	5
48	31	230	9
17	25	133	9
14	14	82	8
8	27	100	4
28	21	167	8
49	49	186	4
11	12	88	5
32	29	170	8
37	43	266	8
50	43	245	6
45	32	167	6
37	32	285	4
39	40	225	6
50	16	227	2
50	28	233	11
22	26	145	3
41	40	214	5
42	43	190	5
58	54	304	5
60	44	372	10
56	46	270	10
48	33	217	8
38	48	239	5
34	48	237	12
53	43	268	9
46	57	187	6
34	25	254	11
33	31	184	4
45	39	216	8
32	46	113	5
45	33	146	10
55	41	175	10
40	49	207	8
66	29	219	4
61	46	153	9
65	37	117	3
62	39	131	4
24	11	28	2
5	4	9	0
2	2	11	1
1	9	5	2
29	6	38	3
23	8	27	2
0	0	0	0
0	0	0	0
0	0	0	0
12	3	9	0
133	46	113	5
123	44	108	11
135	42	156	5
119	42	145	10
110	48	134	2
101	65	106	12
121	42	111	7
20	16	16	4
140	41	79	6
132	41	148	12
37	8	45	3
2	0	0	0
29	12	25	2
127	35	102	9
112	34	98	7
16	5	9	3
52	15	41	1
67	11	35	3
359	51	146	8
412	52	107	7
393	39	114	11
441	30	47	7
113	16	39	4
345	51	76	8
265	37	108	4
103	33	93	11
309	39	197	8
287	48	174	7
273	45	231	10
246	60	206	5
184	50	88	6
258	30	104	6
436	43	173	11
346	55	128	11
397	38	136	14
229	41	99	13
148	33	70	8
107	21	44	11
109	34	52	8
106	30	84	7
164	41	109	15
237	46	105	9
184	39	96	7
71	39	90	11
198	55	105	7
154	35	127	9
195	51	137	5
174	41	191	8
193	44	116	4
232	45	82	10
50	8	34	2
97	18	32	5
171	45	75	4
134	33	60	10
128	38	99	8
100	38	96	5
103	52	99	9
64	53	102	5
63	36	130	3
55	46	136	4
83	50	219	5
52	39	119	9
48	29	98	3
58	45	133	10
50	25	156	5
22	10	74	7
47	31	163	5
37	37	161	9
39	31	157	8
39	19	131	11
44	45	145	6
37	28	136	9
33	22	164	2
16	14	121	5
22	22	144	6
38	58	178	8
35	42	182	4
44	34	113	6
22	26	97	1
47	32	98	0
31	25	60	4
6	15	50	6
38	29	110	5
65	42	136	2
52	44	96	8
8	12	29	0
43	29	116	9
48	36	99	8
27	40	84	4
43	32	76	4
35	27	82	3
61	47	78	5
42	39	120	12
41	46	178	5
57	39	135	6
56	54	170	7
55	29	105	7
3	29	56	3
59	35	136	2
11	12	46	5
46	24	124	4
38	40	128	8
39	35	139	7
38	15	139	5
32	21	95	8
18	17	85	6
26	28	78	4
40	44	74	5
33	25	88	2
48	35	240	5
41	33	164	6
30	24	89	6
32	27	144	5
30	39	225	9
32	26	255	8
17	26	140	8
11	23	95	4
24	11	129	5
40	28	179	6
25	31	144	1
13	17	59	0
12	17	68	7
25	29	123	7
45	39	251	2
25	32	164	9
42	44	219	6
32	37	149	7
37	39	224	1
46	34	293	9
42	40	239	3
3	27	95	5
59	30	281	14
23	20	141	7
21	24	163	6
34	30	184	4
16	5	57	1
41	28	161	6
41	35	177	3
36	22	123	3
79	30	115	8
91	35	125	8
128	40	87	5
258	39	99	4
388	38	93	14
319	54	62	11
358	52	121	10
288	49	167	10
259	43	177	9
121	38	151	16
94	20	141	12
81	17	79	10
95	38	91	5
131	32	87	6
162	32	128	10
196	32	88	5
196	27	81	13
66	37	93	6
186	38	142	10
190	36	128	5
16	25	50	6
107	45	102	6
62	46	59	0
4	13	29	2
63	28	73	8
63	20	67	4
148	41	136	7
136	50	92	14
104	38	117	9
148	48	150	4
133	32	55	11
122	43	77	2
205	40	167	12
231	49	211	9
158	36	159	11
78	28	82	7
60	14	81	6
77	14	177	13
95	42	221	8
63	58	231	11
58	52	217	10
37	39	182	9
20	33	124	1
41	21	234	7
43	42	152	9
33	37	183	7
34	36	232	7
51	29	158	4
64	30	145	4
53	28	94	5
103	40	76	2
302	34	126	6
440	37	154	9
180	48	45	20
131	36	96	8
402	67	298	13
316	72	287	17
285	91	317	21
84	56	176	15
43	39	109	6
143	45	159	8
123	35	109	4
131	37	52	4
232	53	131	13
221	45	128	11
241	43	106	10
146	30	68	15
229	34	106	6
43	4	32	3
100	44	67	5
73	26	106	6
33	22	63	3
16	17	37	4
57	25	65	0
74	50	109	6
72	32	85	5
35	23	46	5
41	37	46	5
82	42	96	8
73	34	107	5
92	66	129	4
85	50	145	2
87	65	140	6
98	51	139	9
74	57	135	5
118	74	184	12
52	57	132	9
81	62	139	7
79	77	115	10
69	60	153	9
107	64	134	3
65	70	141	1
91	68	126	13
85	76	107	8
89	55	110	12
35	38	48	8
67	48	84	10
75	67	118	3
61	62	87	6
56	44	109	4
82	59	106	5
58	48	115	9
66	85	104	7
108	75	128	14
94	66	102	11
79	77	86	4
70	71	103	13
53	48	100	5
72	44	133	8
80	61	109	7
42	45	107	8
48	47	79	5
65	58	87	15
56	50	64	5
44	44	60	10
50	40	76	8
62	56	79	5
65	51	51	5
54	78	70	5
58	66	85	7
60	66	78	9
60	56	99	12
72	73	102	14
83	73	122	9
66	59	109	11
69	64	120	7
49	62	103	3
82	40	77	2
78	53	98	6
86	64	105	14
48	66	79	5
33	44	50	13
62	48	47	10
64	62	77	11
47	65	74	16
93	69	91	6
29	35	61	5
13	21	30	7
26	54	33	8
55	66	112	7
101	52	152	6
63	68	137	9
41	36	77	8
23	38	63	4
51	59	57	5
48	53	51	3
20	20	26	1
18	14	26	5
24	24	53	7
30	31	46	5
17	29	75	4
71	75	109	8
84	54	76	17
80	56	91	17
66	71	128	20
65	54	101	7
46	27	15	6
36	44	46	3
39	41	55	3
41	33	23	4
60	41	52	14
69	55	90	16
49	82	116	15
65	103	140	5
69	102	195	4
67	76	151	8
32	59	58	5
48	71	61	4
43	54	64	5
37	48	26	7
43	76	72	6
52	67	104	8
43	53	107	11
55	75	82	4
34	61	89	6
21	93	69	10
36	113	81	17
51	219	121	11
46	240	117	8
44	226	148	11
43	284	116	11
33	338	132	14
38	347	155	11
54	290	124	6
23	253	60	16
40	420	131	5
44	482	148	10
42	421	128	5
59	443	188	13
37	468	161	3
75	413	139	13
51	415	119	19
45	393	153	26
73	340	247	8
54	380	166	12
32	329	88	9
45	359	124	11
6	118	24	11
23	315	144	4
19	475	193	3
25	429	124	5
32	385	108	7
38	574	209	10
40	582	197	9
30	415	104	8
32	484	137	8
39	489	137	12
66	503	118	9
37	397	85	13
20	412	146	11
51	492	165	14
62	509	176	18
85	754	214	14
46	484	148	21
49	388	125	17
53	444	114	17
53	484	129	4
48	349	121	15
36	353	109	8
34	316	99	6
55	418	138	10
36	394	92	7
18	289	75	12
30	387	117	4
51	528	153	6
53	600	203	8
37	426	103	18
46	628	152	11
42	649	176	9
61	599	192	12
52	744	244	8
48	620	135	6
37	493	91	12
33	550	132	12
52	559	112	14
36	571	161	4
58	446	142	8
51	410	93	16
53	427	187	16
65	378	154	21
54	422	192	16
53	512	169	12
38	420	138	9
45	504	153	10
26	510	99	13
22	379	65	10
22	539	121	7
38	473	115	14
48	572	173	9
39	471	117	14
18	491	107	18
27	490	123	2
25	391	106	13
49	594	154	12
40	322	110	8
30	317	93	4
47	511	159	9
61	562	203	8
45	338	69	6
31	339	114	2
26	476	110	10
38	406	136	9
13	237	46	7
32	228	74	9
45	311	106	7
20	325	99	14
24	293	118	8
53	379	150	3
53	315	138	12
54	406	182	14
66	287	162	8
41	244	132	8
37	232	100	15
44	262	164	6
55	360	189	10
62	371	176	13
54	289	122	12
40	212	40	7
47	264	133	9
48	204	81	9
32	151	49	9
74	229	148	17
64	271	115	11
49	192	51	17
46	271	94	10
58	150	105	9
46	118	68	8
46	162	70	7
55	209	76	10
45	156	92	12
36	171	88	8
38	149	95	7
32	134	79	10
35	170	73	9
45	132	69	8
40	149	87	3
74	264	119	9
73	241	126	5
51	137	72	10
65	185	108	4
73	153	119	6
59	134	96	6
39	96	79	6
1	30	38	4
46	77	61	9
47	77	97	7
45	109	99	13
33	65	64	6
47	53	58	14
32	60	28	4
9	35	31	2
24	32	36	5
28	31	57	7
6	30	29	12
47	66	102	9
47	39	91	7
139	75	102	20
46	31	107	12
89	47	63	17
87	38	45	9
53	29	47	9
67	47	116	14
53	37	76	7
53	31	134	10
51	27	111	8
48	34	66	6
57	27	93	9
59	32	155	12
49	34	208	10
16	17	133	4
21	32	172	5
40	31	243	5
16	11	142	11
9	35	206	2
30	28	240	4
40	37	246	6
21	26	167	3
28	32	166	5
59	48	210	6
68	41	262	4
44	30	183	12
23	36	158	4
29	43	246	6
39	46	212	6
41	39	320	8
28	29	181	7
37	17	199	10
7	0	56	2
38	36	209	5
39	37	151	8
40	36	223	3
43	23	151	4
34	28	183	10
41	23	150	4
52	29	125	2
40	52	160	5
61	31	125	5
78	33	106	5
56	34	52	1
47	23	44	6
119	31	54	12
185	36	70	5
265	34	117	7
268	37	81	20
442	39	102	10
400	42	101	9
248	27	79	13
116	35	137	5
55	29	58	9
92	32	120	8
78	49	105	5
228	57	94	5
232	36	91	8
222	49	139	8
154	43	75	7
111	32	92	17
54	26	75	7
36	37	92	11
46	31	119	2
56	33	88	6
60	49	145	8
88	21	91	13
55	37	78	12
14	10	35	6
114	56	188	11
118	48	137	13
50	49	68	3
62	21	50	7
93	28	103	13
118	47	112	5
15	8	39	3
54	22	70	9
100	27	103	5
106	48	120	8
127	42	94	7
121	23	100	3
64	19	56	7
64	36	57	11
125	32	92	11
94	30	93	7
81	17	36	5
10	11	29	5
83	28	76	5
62	22	66	2
63	44	70	11
135	38	68	2
143	26	98	5
135	35	113	11
148	44	75	7
70	38	68	5
60	44	66	10
114	48	99	8
140	39	91	1
97	34	59	8
89	38	67	11
70	46	59	6
71	30	82	5
112	37	103	11
87	49	69	5
72	47	86	9
72	28	51	4
59	38	74	6
65	45	113	1
74	49	111	3
53	35	52	5
59	37	57	3
94	40	104	7
5	23	73	9
46	25	103	5
22	30	86	6
69	34	123	5
94	58	119	4
89	53	126	8
89	48	99	7
62	33	122	7
59	51	82	12
111	58	109	9
102	32	60	3
92	40	118	13
61	39	45	4
112	39	73	8
94	38	80	8
179	50	103	9
199	31	82	3
204	46	72	11
120	37	63	8
114	23	73	7
47	17	43	8
50	23	39	11
126	24	66	5
201	48	122	8
133	43	105	5
118	38	83	2
80	38	78	1
132	42	86	4
131	59	111	8
77	44	106	6
89	26	47	5
152	41	75	9
141	23	81	7
102	25	148	8
74	42	96	3
69	42	83	4
64	39	116	4
93	40	132	3
118	43	136	12
136	43	120	15
89	44	107	5
117	58	175	8
15	4	34	2
62	16	54	3
82	27	56	5
158	38	64	9
147	35	90	8
113	34	67	6
131	37	73	6
114	17	57	3
3	2	2	0
0	0	0	0
1	0	0	0
51	15	39	0
24	27	18	3
194	37	146	8
109	39	97	12
75	35	89	7
60	24	64	5
60	27	70	5
67	24	81	7
74	31	101	3
106	26	135	6
104	22	123	4
72	19	66	6
56	24	59	0
58	25	81	5
71	36	87	3
88	37	119	8
62	36	134	3
72	62	160	11
102	30	189	3
62	45	152	7
53	49	153	7
63	36	206	8
70	43	229	2
86	49	314	8
18	19	118	5
14	25	90	2
15	13	88	6
34	33	132	4
46	31	128	2
36	33	77	4
45	24	66	8
49	24	111	5
28	28	36	4
35	14	53	4
47	49	114	4
29	31	70	2
28	23	97	3
35	38	149	7
42	53	192	4
28	55	184	10
44	49	169	8
32	42	148	8
32	29	128	5
10	9	24	3
49	38	173	2
38	40	127	10
53	35	185	2
29	23	82	11
24	20	60	1
54	23	96	5
24	23	78	5
38	17	91	5
45	17	90	12
65	27	70	2
116	33	89	3
140	42	143	11
48	24	60	9
87	36	97	14
83	26	72	7
70	33	135	12
43	36	135	7
54	40	164	14
69	36	178	5
69	50	143	10
78	65	215	11
80	59	176	6
52	42	146	9
43	29	86	5
52	45	136	7
69	41	146	5
63	47	152	5
70	40	124	6
67	48	158	8
63	46	134	0
60	32	117	5
77	37	102	7
120	63	118	7
128	29	85	15
101	45	58	11
72	34	39	2
108	41	76	6
38	25	22	9
31	36	41	2
60	45	123	6
5	17	26	3
36	28	55	3
34	32	41	3
14	29	35	1
25	15	19	2
38	24	50	2
40	30	71	9
1	3	9	1
30	10	24	3
12	4	14	1
45	33	37	6
81	36	100	9
146	33	143	9
10	16	43	8
41	27	49	13
92	28	90	4
68	48	111	11
81	35	84	4
45	27	58	13
91	48	74	5
45	46	52	11
81	34	111	6
81	34	123	5
74	29	85	9
69	47	104	4
78	30	101	10
62	27	74	5
12	7	20	1
9	16	25	4
41	25	84	5
75	29	132	4
11	14	35	8
42	30	77	4
45	35	62	0
68	36	101	5
46	48	167	7
42	37	86	12
45	22	73	6
43	29	70	7
54	25	107	15
28	22	134	13
18	16	79	3
31	21	77	2
42	33	241	10
20	21	112	3
35	38	226	12
37	35	169	12
18	29	93	7
20	35	106	8
19	17	76	2
32	35	139	4
21	16	161	7
26	41	150	5
40	34	198	10
22	42	179	4
37	41	152	6
37	34	134	5
45	42	199	6
48	24	227	9
25	46	222	9
29	25	57	5
34	24	85	5
29	31	113	5
20	19	84	2
31	33	123	9
30	37	120	3
42	28	112	3
50	35	147	6
50	24	150	11
12	19	29	1
5	13	21	3
14	14	30	3
9	12	24	2
41	28	121	10
51	39	145	4
43	23	142	7
41	39	101	5
42	49	141	9
29	46	166	4
35	32	123	6
50	35	187	10
56	46	149	13
36	37	78	5
49	22	114	3
52	35	132	7
56	29	109	1
61	20	83	10
98	37	130	10
94	22	126	6
163	32	108	6
268	33	95	9
309	57	109	13
382	46	115	16
279	44	82	14
105	34	92	5
210	68	153	19
140	56	165	12
106	43	117	2
91	34	95	4
124	34	154	4
155	21	133	4
86	21	92	10
151	28	118	13
142	29	114	7
108	29	94	3
143	41	184	6
147	32	166	9
109	21	147	10
101	35	120	5
43	24	81	8
6	16	34	2
74	20	80	4
96	37	75	6
152	33	108	7
119	29	83	4
124	34	75	4
119	41	72	1
96	32	87	3
97	27	50	4
40	12	23	6
79	29	88	11
106	33	110	3
122	34	118	6
65	21	69	5
55	36	121	7
33	25	59	5
60	28	61	14
82	23	84	7
22	11	45	9
45	32	55	8
53	27	81	8
59	42	106	5
71	37	155	14
89	48	153	13
68	47	106	2
57	34	70	6
37	32	103	5
46	33	79	1
34	29	68	3
40	17	79	6
54	32	138	3
28	51	92	5
31	39	74	4
59	22	112	2
32	30	101	3
29	25	123	8
45	36	162	6
45	48	202	10
33	32	139	13
40	34	133	7
29	20	133	0
19	21	71	2
28	39	166	0
42	31	153	10
26	45	213	2
13	32	106	2
31	37	178	8
39	32	151	12
14	15	85	11
4	8	32	2
23	22	115	3
39	26	106	11
40	39	118	8
35	37	110	9
70	33	111	12
93	42	108	4
133	38	123	5
162	29	67	15
190	17	70	8
243	26	58	10
76	40	63	4
158	39	165	11
75	34	130	8
81	37	195	4
60	39	151	2
64	33	131	3
92	37	204	10
53	17	92	6
28	7	41	0
211	22	142	6
351	32	110	9
403	31	130	11
190	29	56	2
367	31	99	18
9	3	10	0
0	0	0	0
0	0	0	0
0	0	0	0
0	0	0	0
0	0	0	0
0	0	0	0
0	0	0	0
0	0	0	0
0	0	0	0
0	0	0	0
0	0	0	0
0	0	0	0
0	0	0	0
0	0	0	0
0	0	0	0
0	0	0	0
0	0	0	0
0	0	0	0
0	0	0	0
0	0	0	0
0	0	0	0
0	0	0	0
0	0	0	0
0	0	0	0
0	0	0	0
0	0	0	0
0	0	0	0
0	0	0	0
0	0	0	0
0	0	0	0
0	0	0	0
0	0	0	0
0	0	0	0
0	0	0	0
0	0	0	0
0	0	0	0
0	0	0	0
0	0	0	0
0	0	0	0
0	0	0	0
0	0	0	0
0	0	0	0
0	0	0	0
0	0	0	0
0	0	0	0
0	0	0	0
0	0	0	0
0	0	0	0
0	0	0	0
0	0	0	0
0	0	0	0
0	0	0	0
0	0	0	0
0	0	0	0
0	0	0	0
0	0	0	0
0	0	0	0
0	0	0	0
0	0	0	0
0	0	0	0
0	0	0	0
0	0	0	0
0	0	0	0
0	0	0	0
0	0	0	0
0	0	0	0
0	0	0	0
0	0	0	0
0	0	0	0
0	0	0	0
0	0	0	0
0	0	0	0
0	0	0	0
0	0	0	0
0	0	0	0
0	0	0	0
0	0	0	0
0	0	0	0
0	0	0	0
0	0	0	0
0	0	0	0
0	0	0	0
0	0	0	0
0	0	0	0
0	0	0	0
0	0	0	0
0	0	0	0
0	0	0	0
0	0	0	0
0	0	0	0
0	0	0	0
0	0	0	0
0	0	0	0
0	0	0	0
30	10	37	6
61	24	146	3
123	72	242	13
102	62	230	9
71	35	129	4
59	37	150	9
55	34	128	10
38	40	97	3
31	47	115	3
36	39	179	7
57	43	136	7
49	42	126	2
16	26	119	5
17	25	58	1
37	33	91	4
40	25	139	7
44	37	165	5
53	26	145	8
68	47	222	11
60	45	282	8
39	37	152	6
45	28	134	8
44	29	138	7
26	17	53	4
44	18	117	13
16	14	60	4
22	12	46	4
44	31	98	12
43	34	85	5
45	41	81	10
44	29	117	8
49	30	95	4
23	31	65	2
59	39	123	11
47	37	100	5
36	27	56	11
43	22	102	8
61	16	109	8
38	42	130	9
35	28	87	10
52	33	139	15
49	41	117	12
69	47	168	6
72	38	160	13
73	35	103	4
72	28	119	5
97	31	133	9
70	39	130	9
70	56	147	9
75	24	97	9
77	37	76	7
86	24	105	11
81	48	89	11
108	48	94	8
80	35	60	6
144	26	83	7
216	29	71	7
236	46	72	5
151	35	34	6
169	23	59	11
210	31	105	14
260	46	252	13
130	45	144	8
153	35	165	13
133	38	115	3
146	46	119	11
193	34	107	7
351	38	100	3
374	23	66	3
260	20	73	6
263	29	115	12
200	40	90	3
179	32	87	4
222	45	131	5
87	42	112	4
41	37	106	2
83	38	111	1
88	30	124	12
81	29	153	6
19	23	103	5
119	28	139	6
134	28	125	8
1	3	2	1
0	0	0	0
0	0	0	0
0	0	0	0
0	0	0	0
0	0	0	0
0	0	0	0
0	0	0	0
0	0	0	0
0	2	2	0
0	0	0	0
0	0	0	0
14	2	2	2
0	0	2	0
0	0	0	0
11	3	6	2
81	21	57	2
172	40	73	2
127	22	41	4
58	11	24	10
80	27	33	8
69	27	81	3
114	35	81	6
96	32	50	7
93	21	52	4
115	54	97	9
74	32	60	2
33	6	14	4
58	25	53	7
42	21	20	3
63	47	72	5
82	61	103	9
97	45	102	4
93	19	75	7
82	45	82	6
123	42	117	8
73	43	113	3
69	19	122	6
112	36	115	6
59	40	92	3
82	44	106	5
92	41	124	4
64	25	76	6
86	27	73	3
104	45	71	6
73	22	87	13
82	24	63	6
93	16	80	7
143	26	125	1
73	30	61	2
80	32	110	10
109	54	139	6
121	36	95	6
78	45	77	8
78	36	68	11
116	50	112	13
66	31	100	4
81	31	77	4
76	19	52	5
67	17	86	3
16	8	38	4
69	27	111	5
39	25	90	1
39	24	80	1
24	26	57	4
46	35	96	14
70	35	114	6
74	43	123	6
65	31	103	5
59	31	103	3
38	9	66	0
16	11	27	0
66	34	73	14
81	23	82	5
67	37	91	6
63	41	92	9
52	45	56	6
70	20	60	3
44	12	52	5
127	19	74	5
75	17	68	3
74	28	50	10
27	10	33	4
12	3	12	3
23	14	29	2
31	33	44	1
49	18	32	3
63	26	75	11
66	44	82	8
114	37	124	10
104	36	77	4
151	56	103	7
136	53	108	17
133	52	87	12
91	24	57	6
104	22	101	6
96	32	95	6
84	29	75	12
19	8	54	5
83	18	74	1
78	34	57	6
48	27	42	2
57	36	50	4
57	33	61	9
53	30	60	6
57	29	107	5
11	30	70	3
54	32	170	14
48	61	166	5
58	31	138	11
55	31	172	6
15	14	46	5
8	10	37	2
17	18	22	10
50	18	115	6
48	40	101	5
4	4	9	1
0	1	0	0
0	1	0	0
0	2	2	0
3	7	65	5
2	7	19	5
1	1	0	0
2	0	0	0
4	3	8	0
6	4	15	1
66	33	180	5
54	51	156	4
63	30	181	5
39	18	104	6
54	27	131	9
45	12	66	3
41	26	97	3
38	41	114	3
50	30	86	6
48	19	62	8
87	32	63	9
70	28	75	13
46	39	37	9
38	19	45	6
76	35	100	10
62	30	57	2
39	20	40	3
87	13	98	3
88	60	101	4
127	40	94	2
90	55	84	6
74	47	76	7
107	45	103	9
104	40	118	9
70	32	89	16
66	30	111	12
18	39	62	7
52	41	96	6
89	43	119	6
69	43	98	9
31	14	27	1
8	3	16	0
22	4	21	0
21	3	14	2
98	23	86	6
88	24	83	2
3	0	3	0
8	7	14	5
21	12	42	6
11	8	21	5
35	18	27	1
42	11	51	5
75	38	142	8
73	38	102	8
62	29	89	4
76	35	91	10
34	29	62	12
45	24	72	3
54	27	53	1
85	34	87	10
66	32	52	5
83	43	77	11
39	26	97	6
104	44	132	7
56	21	68	5
54	24	49	1
21	24	37	6
98	26	74	4
86	30	88	6
90	50	102	3
104	58	141	10
49	40	130	9
46	36	98	5
55	34	114	12
57	38	99	4
24	18	74	5
40	34	120	6
35	24	87	6
14	27	31	5
27	20	37	6
135	115	382	28
71	43	138	7
42	22	87	4
20	8	35	1
1	1	0	0
0	1	0	1
8	4	9	1
15	9	29	5
1	1	0	1
0	1	0	0
5	11	18	0
11	12	24	1
36	44	180	7
11	10	69	3
25	26	119	8
7	18	61	1
5	20	34	0
4	3	13	0
0	0	2	0
1	5	28	0
13	27	96	7
8	7	30	3
3	4	13	0
11	15	54	0
1	0	1	0
5	0	2	0
1	2	0	0
9	5	12	0
2	1	0	0
0	0	0	0
0	1	1	1
5	9	23	6
81	76	219	14
75	55	159	8
57	44	182	12
60	56	206	8
15	32	38	9
3	4	4	2
0	1	0	0
2	1	1	0
1	3	3	0
3	4	3	0
0	0	1	0
0	0	0	0
0	0	0	0
0	0	0	0
0	0	0	0
0	0	0	0
0	0	0	0
0	0	0	0
0	0	0	0
0	0	0	0
0	0	0	0
0	0	0	0
0	0	0	0
0	0	0	0
0	0	0	0
0	0	0	0
0	0	0	0
0	0	0	0
0	0	0	0
0	0	1	0
0	0	5	0
0	0	0	0
0	0	0	0
0	0	0	0
0	0	0	0
0	0	0	0
0	0	0	0
0	0	2	0
8	7	26	2
2	3	0	0
3	6	13	0
23	27	93	2
0	1	2	0
0	0	0	0
0	0	0	0
0	1	0	0
0	1	0	0
0	0	0	0
0	0	0	0
0	0	0	0
0	0	0	0
0	0	0	0
0	0	0	0
0	0	0	0
0	0	0	0
0	0	0	0
0	0	0	0
0	0	0	0
0	0	0	0
0	0	0	0
0	0	0	0
0	0	0	0
0	0	0	0
0	0	0	0
0	0	0	0
0	0	0	0
0	0	0	0
0	0	2	0
0	0	0	0
0	0	0	0
0	0	0	0
0	0	0	0
58	48	76	10
16	10	32	2
0	0	0	0
0	1	0	2
2	4	6	4
29	35	54	20
1	2	0	2
1	0	0	0
0	0	1	0
0	2	4	0
1	2	1	0
0	0	0	0
0	0	0	0
0	0	0	0
0	0	0	0
0	0	0	0
0	0	0	0
2	0	0	0
0	0	0	0
0	0	0	0
1	5	7	1
1	1	3	1
0	0	0	0
0	0	2	0
0	0	1	0
0	0	2	0
0	0	1	0
0	0	0	0
0	0	1	0
0	0	1	0
0	0	0	0
0	0	1	0
1	6	0	0
7	7	1	0
7	13	2	0
1	0	0	0
0	0	12	4
0	0	0	0
0	0	0	0
0	0	8	0
0	0	12	0
24	17	62	4
2	3	2	0
0	5	15	1
72	71	189	18
46	49	85	1
70	64	142	5
75	118	241	3
7	10	28	0
4	3	2	2
2	1	2	0
14	32	67	0
7	15	30	3
38	62	89	6
149	129	312	22
147	112	192	31
130	106	272	28
222	182	419	29
183	121	215	14
227	98	221	12
90	27	53	23
46	53	58	14
19	30	51	4
2	2	11	4
0	0	1	0
0	0	0	0
0	0	1	0
0	0	1	0
0	0	1	0
0	0	0	0
0	0	0	0
0	0	0	0
0	0	0	0
0	0	0	0
0	0	0	0
0	0	0	0
0	0	0	0
0	0	0	0
0	0	0	0
0	0	0	0
0	0	0	0
0	0	2	0
0	0	0	0
0	0	0	0
0	0	0	0
0	0	0	0
0	0	0	0
0	0	0	0
0	0	0	0
0	0	0	0
0	0	0	0
0	0	0	0
0	0	0	0
0	0	0	0
0	0	0	0
0	0	0	0
0	0	0	0
0	0	0	0
0	0	0	0
0	0	0	0
0	0	0	0
0	0	0	0
0	0	4	0
0	0	0	0
0	4	3	0
5	26	22	0
24	22	22	4
5	3	15	0
18	20	58	0
23	30	77	6
7	1	44	2
0	0	1	0
0	0	0	0
4	0	0	0
0	0	0	0
0	0	1	0
3	1	11	0
9	12	51	6
48	30	95	6
53	33	142	5
51	24	91	1
38	5	19	0
28	5	18	2
10	8	23	2
13	0	18	2
1	0	1	0
0	0	0	0
0	0	0	0
0	0	0	0
0	0	0	0
4	0	2	0
0	0	0	0
0	0	0	0
0	0	0	0
0	0	0	0
0	0	0	0
0	0	0	0
0	0	0	0
0	0	0	0
0	0	0	0
0	0	0	0
0	0	0	0
0	0	0	0
0	0	0	0
0	0	0	0
0	0	0	0
0	0	0	0
0	0	0	0
0	0	0	0
0	0	0	0
0	0	0	0
0	0	0	0
0	0	0	0
0	0	0	0
0	0	0	0
0	0	0	0
0	0	0	0
0	0	0	0
0	0	0	0
0	0	0	0
0	0	0	0
0	0	0	0
0	0	0	0
0	0	0	0
0	0	0	0
0	0	0	0
0	0	0	0
0	0	0	0
0	0	0	0
0	0	0	0
0	0	0	0
0	0	0	0
0	0	0	0
0	0	0	0
0	0	0	0
0	0	0	0
0	0	0	0
0	0	0	0
0	0	0	0
0	0	0	0
0	0	0	0
0	0	0	0
0	0	0	0
0	0	0	0
0	0	0	0
0	0	0	0
0	0	0	0
0	0	0	0
0	0	0	0
0	0	0	0
2	3	2	0
0	1	0	0
0	0	0	0
0	0	0	0
0	0	0	0
0	0	0	0
0	0	0	0
0	0	0	0
0	0	0	0
0	0	0	0
0	0	0	0
0	0	0	0
0	0	0	0
0	0	0	0
0	0	0	0
0	0	0	0
0	0	0	0
0	0	0	0
0	0	0	0
0	0	0	0
0	0	0	0
0	0	0	0
0	0	0	0
0	0	0	0
0	0	0	0
0	0	0	0
0	0	0	0
0	0	0	0
0	0	0	0
0	0	0	0
0	0	0	0
0	0	0	0
0	0	0	0
0	0	0	0
0	0	0	0
0	0	0	0
0	0	0	0
0	0	0	0
0	0	0	0
0	0	0	0
0	0	0	0
0	0	0	0
0	0	0	0
0	0	0	0
0	0	0	0
0	0	0	0
0	0	0	0
0	0	0	0
0	0	0	0
0	0	0	0
0	0	0	0
0	0	0	0
0	0	0	0
0	0	0	0
0	0	0	0
0	0	0	0
0	0	0	0
0	0	0	0
0	0	2	0
0	2	0	0
0	0	0	1
0	0	0	0
2	2	8	2
16	5	28	1
0	1	6	1
18	5	32	1
0	1	5	0
0	0	1	0
0	0	0	0
0	0	0	0
0	0	0	0
0	0	0	0
0	0	0	0
0	0	0	0
0	0	0	0
