NOnub	chr4
H3K27ac	H3K27me3	H3K9me3	Pc
0	0	0	0
0	0	0	1
51	24	21	11
47	14	20	22
20	15	9	27
6	1	0	4
27	25	23	35
45	35	24	33
23	30	38	33
36	41	28	20
38	45	38	35
38	38	24	32
26	42	24	20
31	29	37	30
37	36	11	41
45	25	17	36
52	44	19	30
60	43	13	38
54	43	30	28
38	31	26	36
42	46	27	29
22	39	15	29
48	53	21	31
38	56	28	43
35	64	14	25
11	8	0	7
0	1	1	0
0	0	0	0
0	0	0	0
0	0	0	0
0	0	0	0
5	0	2	2
1	0	2	0
0	0	0	0
0	0	0	0
0	0	0	0
0	0	0	0
1	0	2	0
2	4	1	1
3	4	14	5
0	5	8	6
0	0	0	0
0	1	1	0
0	0	0	0
0	0	0	0
2	0	0	0
0	0	0	0
0	0	0	0
0	0	0	0
0	0	0	0
0	0	0	0
0	0	0	0
0	0	0	0
0	0	0	0
0	0	0	0
0	0	0	0
0	0	0	0
1	0	0	1
6	5	0	3
1	5	0	5
0	0	0	1
0	0	0	0
0	0	0	0
0	0	0	0
0	0	0	0
0	0	0	0
0	0	0	0
0	1	5	0
0	1	2	2
0	0	5	0
0	0	0	0
0	0	0	0
0	0	4	1
0	0	0	1
0	0	0	0
0	0	0	0
0	0	0	0
0	0	0	0
1	1	0	1
1	1	0	1
0	0	0	2
0	2	3	2
9	4	52	12
13	6	35	10
0	0	0	0
0	0	0	0
2	4	0	0
0	0	0	0
0	0	0	0
0	0	0	0
0	0	0	0
0	0	0	0
0	0	0	1
0	0	0	1
0	0	0	0
0	0	0	0
0	0	0	0
0	0	0	0
0	0	1	1
0	0	1	0
8	2	2	8
0	0	0	1
0	0	0	0
0	0	0	0
0	0	0	0
0	0	0	0
0	0	0	0
0	0	0	0
0	0	0	0
0	0	0	0
0	0	0	0
0	0	0	0
0	0	0	0
0	0	0	0
0	0	0	0
0	0	0	0
0	0	0	0
0	0	0	0
0	0	0	0
0	0	0	0
0	0	0	0
0	0	0	0
0	0	0	0
0	0	0	0
0	0	0	0
0	4	45	6
1	1	17	6
3	1	2	2
0	0	0	0
0	0	0	0
0	0	8	2
0	2	34	4
0	0	0	1
0	0	0	0
0	0	0	1
0	0	0	0
0	0	0	0
0	0	0	0
0	0	0	2
2	0	0	2
0	0	0	0
0	0	0	0
0	0	0	0
0	0	0	0
0	0	0	0
0	0	0	0
2	0	0	0
0	0	0	0
0	0	0	0
0	0	0	0
0	0	0	0
0	0	0	0
0	0	0	0
0	0	0	0
0	0	2	0
2	0	6	0
7	2	31	5
11	8	63	13
4	2	4	1
0	0	2	0
1	0	0	3
1	0	0	0
0	0	0	0
0	1	1	2
0	5	5	4
0	0	0	0
0	0	0	0
0	0	0	0
11	8	65	7
6	5	110	7
1	1	5	0
0	4	2	0
0	2	9	8
0	4	13	4
0	0	1	0
4	3	3	2
15	8	75	18
1	1	9	4
0	0	1	0
0	0	1	0
0	0	0	0
0	0	0	0
0	0	0	0
0	0	0	0
0	0	0	4
0	0	0	0
0	0	0	0
0	0	0	0
0	0	0	0
0	0	0	0
0	0	0	0
0	0	0	0
0	0	0	0
0	0	0	0
1	0	0	0
12	10	18	13
74	78	114	35
3	2	6	8
1	2	0	0
41	27	66	20
34	41	85	21
49	41	74	36
42	26	85	30
45	36	96	25
46	48	85	26
58	47	93	36
59	36	83	29
47	42	111	51
45	19	79	26
11	9	74	17
30	10	43	14
106	28	31	51
143	31	21	34
199	24	31	49
245	54	51	89
342	52	36	67
371	39	57	81
189	30	22	84
256	29	51	79
84	43	94	73
82	34	147	56
25	20	196	27
44	7	212	46
85	23	311	41
128	28	295	58
159	51	267	71
105	25	212	52
47	20	196	51
85	44	136	51
93	22	194	50
21	30	155	34
46	24	125	66
53	26	101	42
82	26	110	39
2	9	88	38
45	25	74	52
111	42	94	45
104	47	89	52
15	22	63	50
43	27	46	30
68	49	64	61
70	59	52	51
60	67	38	47
71	81	67	32
82	63	44	51
75	65	82	56
83	76	59	57
69	92	31	70
104	101	63	45
63	86	38	39
73	86	64	45
80	90	85	43
66	79	83	42
62	97	52	50
73	119	57	41
75	93	59	31
27	94	62	50
82	126	73	54
98	106	68	28
111	126	60	36
127	136	48	46
105	135	79	48
121	124	69	58
128	111	71	33
103	111	97	41
31	31	54	10
15	37	27	20
20	22	34	2
9	8	9	12
75	76	32	23
165	190	78	43
152	207	102	41
82	139	38	29
44	115	44	54
38	94	50	39
139	148	29	49
134	188	22	54
0	15	15	28
15	13	8	17
142	106	20	34
128	103	21	80
207	188	56	109
128	119	72	99
21	63	245	112
129	117	142	70
208	208	236	74
157	225	382	62
180	300	437	66
188	222	383	64
176	179	233	68
124	122	97	54
158	147	69	66
219	173	46	89
140	99	71	93
210	115	62	146
157	136	64	179
131	62	43	181
63	55	28	126
102	34	38	110
31	23	52	105
160	58	35	120
208	55	42	150
241	38	59	259
201	53	59	129
244	60	103	122
96	48	104	81
300	80	118	89
308	110	120	97
219	76	78	78
175	68	118	58
155	57	156	52
43	32	149	58
126	65	161	73
162	85	195	56
130	43	199	57
123	39	169	51
188	42	199	70
70	19	95	51
85	28	129	63
48	8	262	42
44	23	139	41
77	22	214	53
157	38	170	69
111	19	138	66
81	32	77	49
127	34	175	58
120	37	188	46
42	33	134	59
40	12	79	57
73	27	75	50
194	32	71	69
173	37	40	48
216	38	29	48
320	60	22	82
245	49	60	71
306	56	24	76
62	40	53	46
104	38	347	46
34	24	233	40
43	22	260	36
29	16	180	33
61	28	414	38
86	23	359	63
101	55	90	64
196	54	41	91
246	45	34	170
147	40	12	71
224	80	30	173
147	41	15	69
241	55	25	94
335	58	24	105
177	56	31	85
238	52	26	64
108	37	18	46
108	11	14	42
103	22	9	41
123	42	13	45
33	14	5	29
81	11	10	28
122	37	6	23
55	29	28	52
100	20	23	44
114	26	14	47
111	43	17	52
182	25	34	71
133	37	22	79
193	43	66	90
110	15	28	72
214	24	11	50
174	23	15	60
111	26	39	47
153	45	40	41
94	37	57	54
137	37	35	38
85	47	32	47
107	36	19	27
58	29	50	40
76	24	30	46
118	31	24	40
88	32	48	42
74	34	43	36
84	39	41	41
78	13	19	20
0	0	0	0
0	0	0	0
0	0	0	0
0	0	0	0
0	0	0	0
0	0	0	0
0	0	0	0
0	0	0	0
0	0	0	0
0	0	0	0
0	0	0	0
0	0	0	0
0	0	0	0
0	0	0	0
0	0	0	0
0	0	0	0
0	0	0	0
0	0	0	0
0	0	0	0
0	0	0	0
0	0	0	0
0	0	0	0
0	0	0	0
0	0	0	0
0	0	0	0
0	0	0	0
6	3	4	2
84	33	54	35
39	13	33	35
92	33	32	30
86	41	51	45
59	27	47	38
56	46	38	43
74	34	54	46
40	24	49	24
0	0	0	2
0	0	0	0
48	32	60	24
44	33	55	34
49	27	74	29
65	38	77	27
79	51	113	32
83	47	202	35
65	63	170	20
48	41	150	37
37	38	307	46
43	30	322	36
49	31	298	35
29	17	351	29
1	2	57	6
41	12	210	16
43	34	289	25
23	20	293	19
27	26	330	37
52	31	371	35
30	17	311	33
37	24	295	46
42	21	192	33
27	25	205	52
4	7	239	36
0	3	37	2
17	10	79	14
78	18	101	20
29	38	100	25
24	15	47	41
12	19	34	29
60	16	28	41
56	16	18	35
45	27	27	41
42	13	22	51
32	27	38	35
32	16	50	30
6	11	14	28
45	30	45	37
49	32	25	33
52	36	38	28
39	37	15	30
48	55	29	29
73	41	20	27
43	38	32	28
54	44	48	18
41	55	58	26
65	57	50	19
35	27	74	38
15	12	29	22
36	22	61	20
51	37	37	36
47	36	59	44
45	22	37	33
46	23	34	20
26	19	35	29
69	24	39	32
35	34	38	25
46	29	69	43
38	26	43	22
19	20	34	40
9	10	32	21
48	27	35	29
44	25	58	44
69	26	31	47
50	43	39	33
75	34	77	20
65	25	78	55
42	30	63	29
50	36	32	37
61	40	54	39
46	32	80	32
5	12	6	9
0	0	0	0
0	0	3	0
22	12	66	19
34	22	79	28
54	27	54	23
37	23	67	28
30	19	42	39
42	40	59	23
43	13	74	34
43	31	77	31
53	19	67	37
54	27	83	37
2	10	69	22
25	31	47	37
46	37	46	28
38	39	47	32
46	49	67	25
61	45	37	43
60	36	43	20
31	16	55	19
30	17	78	34
36	31	73	13
31	17	59	25
51	19	60	30
37	26	54	23
49	28	44	32
52	28	34	27
41	17	42	28
12	27	46	22
30	33	48	15
61	38	52	44
38	39	54	43
27	19	73	29
26	15	68	21
33	20	66	35
35	28	83	23
31	32	65	27
14	18	77	21
42	32	116	36
61	27	83	21
28	14	61	29
26	18	60	32
16	19	101	45
26	33	119	25
71	45	141	38
23	24	225	35
34	38	163	35
43	31	77	32
31	55	97	33
57	42	169	28
56	52	154	36
54	30	139	33
46	47	162	37
31	41	160	37
20	46	183	21
38	32	214	21
51	27	181	37
13	13	151	23
29	17	158	34
59	26	287	31
43	33	343	55
42	30	266	28
30	19	248	35
15	14	165	31
13	19	86	25
48	30	80	28
34	22	97	40
37	26	64	33
54	21	81	38
12	12	52	37
37	21	69	41
48	19	25	40
58	20	22	52
32	21	31	40
120	42	44	37
78	27	31	51
23	11	76	28
48	24	54	52
59	35	96	48
99	32	98	56
76	30	76	42
67	30	96	42
66	32	172	13
20	11	116	29
1	5	70	10
11	16	179	19
4	4	60	12
27	30	171	28
37	38	253	43
51	45	257	28
50	30	254	37
30	27	357	37
34	28	404	41
37	36	583	39
51	46	516	32
34	37	551	40
35	33	428	33
31	46	397	26
36	31	393	25
38	47	426	46
36	57	492	31
42	46	335	24
37	43	467	32
35	26	502	46
42	23	603	38
6	17	401	27
28	27	367	33
34	34	458	26
46	41	414	28
49	44	561	32
50	36	409	24
44	31	474	28
33	24	414	32
42	20	323	35
51	37	350	30
33	52	309	14
37	30	272	25
23	17	258	34
8	15	348	36
3	8	360	20
31	23	378	44
40	19	304	35
39	44	291	34
44	44	274	33
77	45	300	24
66	36	312	30
46	29	213	27
43	19	197	35
43	44	141	18
40	22	142	25
38	24	189	27
57	35	217	29
32	11	214	23
39	23	150	22
59	43	123	21
51	42	133	36
40	32	87	26
3	5	46	13
27	19	29	14
45	15	38	20
59	37	46	29
58	36	56	35
61	37	114	35
51	40	111	38
41	45	71	28
47	44	82	18
34	21	51	32
12	14	86	22
63	22	129	29
87	37	72	30
78	42	46	24
90	33	60	33
219	36	57	48
383	53	49	42
380	33	99	111
638	36	86	134
347	15	39	97
329	23	69	104
238	41	595	116
184	39	653	73
101	31	668	61
117	44	749	60
108	34	775	35
125	37	495	51
133	47	361	33
239	47	568	51
169	19	452	61
199	11	292	63
402	33	643	195
192	48	61	78
447	41	61	159
335	31	47	114
395	24	25	103
177	18	41	87
239	22	44	48
122	21	31	44
60	9	27	39
170	36	45	54
159	17	44	34
147	31	88	39
114	49	48	37
109	36	80	43
119	29	62	47
131	39	62	38
191	48	67	49
151	23	53	67
256	46	66	54
181	30	29	57
278	32	30	105
295	20	63	66
421	29	98	144
247	40	58	66
224	19	72	87
277	45	150	82
209	43	175	73
184	51	196	69
122	30	252	48
51	28	231	38
60	29	306	28
67	52	346	31
29	31	297	33
30	30	467	31
8	7	181	16
14	17	362	24
43	45	701	56
44	41	515	44
40	33	441	21
37	48	376	26
18	20	572	27
8	15	572	25
44	35	466	48
32	34	426	25
34	42	447	48
64	48	488	45
51	53	556	34
35	42	553	29
42	59	456	29
33	57	541	27
36	58	704	41
55	37	453	36
37	33	526	24
52	38	409	29
57	37	486	36
51	30	462	48
28	55	340	44
39	46	398	37
38	44	323	37
65	32	369	34
15	13	120	21
33	22	130	38
60	53	341	25
37	34	377	27
6	11	296	22
41	52	412	29
41	41	163	47
38	66	503	35
58	55	454	25
35	42	189	17
24	48	177	30
24	27	179	24
25	36	218	31
35	45	169	25
21	36	81	20
17	21	124	16
34	33	45	35
52	31	72	38
54	27	82	28
9	9	98	33
58	40	94	30
50	37	124	48
84	47	115	57
78	67	108	47
77	27	108	47
28	30	107	37
20	23	46	32
62	58	88	25
45	50	111	36
74	38	85	42
40	34	93	45
42	24	55	41
78	45	77	57
109	45	83	43
81	38	80	47
66	27	46	31
44	20	29	45
80	33	42	55
91	25	43	50
71	13	34	39
104	31	47	53
90	38	44	42
88	51	53	41
110	45	19	49
56	41	73	62
44	32	58	44
114	38	76	43
60	19	156	23
6	9	157	33
36	8	144	42
82	22	146	50
73	19	115	33
76	28	113	47
81	29	80	31
104	29	68	55
112	43	68	43
149	23	44	50
52	3	20	32
319	33	58	53
247	43	48	74
348	39	31	98
207	48	53	81
239	41	90	64
248	25	54	86
273	23	26	60
295	44	65	73
165	33	36	63
77	20	63	46
78	31	85	55
99	45	114	53
70	41	142	46
71	47	95	47
69	49	116	37
72	35	329	48
63	13	328	48
46	12	187	43
71	40	206	42
74	46	170	52
64	34	196	37
60	41	103	36
69	45	161	36
69	56	148	21
58	26	106	50
9	20	67	30
56	36	74	25
65	39	96	25
109	49	62	46
92	42	76	40
75	24	83	33
80	42	70	38
91	39	58	36
82	30	70	46
63	33	69	37
44	36	50	46
67	32	60	41
69	31	116	43
62	33	113	42
97	45	127	46
93	49	91	51
96	43	68	56
98	40	69	38
109	40	119	47
106	41	75	50
100	27	58	35
90	48	79	35
84	35	68	43
98	29	81	44
56	17	75	29
55	35	60	29
63	45	44	39
107	59	119	27
87	28	82	38
72	32	120	29
38	22	93	31
43	23	98	35
51	39	88	19
48	22	167	53
74	48	160	46
58	30	169	38
73	41	229	42
58	41	198	32
45	46	157	47
47	43	194	43
38	44	234	53
49	51	135	29
36	42	182	35
37	47	112	40
54	52	229	39
49	39	139	29
44	53	164	27
44	25	152	26
51	35	160	29
32	34	201	32
44	38	166	38
45	44	229	47
40	42	282	38
60	47	196	30
66	32	253	31
56	26	190	38
57	32	203	56
63	45	209	43
48	47	215	50
43	30	144	40
46	27	167	34
55	40	137	23
53	36	154	35
52	51	191	38
49	32	149	25
82	49	121	28
115	26	159	53
36	6	115	32
21	28	78	25
152	33	48	57
387	40	55	99
351	45	70	119
234	44	24	107
240	45	35	71
270	34	106	138
356	62	58	104
173	50	31	75
82	35	48	87
208	43	60	73
152	40	39	62
198	33	50	45
116	35	51	43
60	26	100	30
75	31	122	49
52	22	144	48
79	38	142	36
59	32	106	55
62	30	117	54
18	4	38	33
124	43	57	38
166	32	72	46
157	22	49	55
241	35	57	59
356	50	37	88
384	38	65	133
96	39	100	86
196	41	582	100
238	49	712	100
228	42	680	64
145	32	548	51
147	45	385	63
136	30	413	57
134	30	517	73
155	42	319	64
90	44	371	58
34	26	301	38
175	36	481	55
105	24	464	48
38	15	208	44
47	22	241	32
78	22	347	34
32	15	201	36
1	0	4	0
0	1	15	2
2	1	60	6
2	1	15	0
50	26	352	35
68	28	334	37
51	21	332	33
7	2	232	25
36	26	561	33
48	38	699	48
55	34	725	61
31	33	725	38
44	40	815	44
56	50	746	40
57	43	714	45
44	46	655	42
37	31	687	39
56	42	881	48
29	28	660	44
43	47	620	21
45	34	570	43
76	51	1100	43
46	37	736	36
44	48	560	39
12	21	361	27
30	28	515	35
48	36	549	35
58	36	661	40
57	35	498	37
67	46	327	32
61	62	313	57
49	40	243	21
19	18	250	27
26	42	308	31
12	15	254	18
9	15	257	27
10	15	289	32
0	0	238	17
14	2	175	27
46	30	208	32
66	34	269	38
65	26	175	45
77	31	150	26
77	38	140	24
77	38	110	36
43	11	80	35
169	29	85	40
205	40	63	52
273	38	85	62
256	32	37	62
385	35	26	86
366	28	30	110
413	35	31	110
681	52	60	173
99	27	33	178
84	33	31	46
78	25	143	90
114	40	245	83
80	18	283	59
129	25	433	49
172	33	239	36
205	34	271	55
214	45	322	49
239	30	530	57
152	29	384	47
111	27	277	60
138	35	438	57
115	28	332	64
88	24	320	32
48	22	219	34
52	9	273	28
65	21	332	36
26	7	314	50
17	21	212	42
14	19	313	32
48	43	347	37
47	33	475	45
61	41	407	48
83	53	473	37
69	39	308	36
29	26	272	32
58	41	379	36
59	37	516	45
64	55	533	28
66	36	396	25
55	38	431	38
34	22	402	35
56	32	550	41
49	36	521	31
44	44	368	45
61	47	259	32
59	44	346	36
41	45	334	42
52	33	433	23
37	34	368	27
51	31	661	60
49	31	381	29
26	10	270	21
2	3	301	18
16	16	394	23
45	48	390	29
48	41	319	41
45	32	388	43
51	25	241	46
51	31	258	24
62	35	260	50
63	40	212	41
99	35	103	31
75	36	118	44
67	47	76	32
81	17	75	49
178	38	45	47
75	18	17	43
192	23	45	61
180	25	54	60
320	50	62	124
170	44	423	72
155	40	654	80
135	34	605	73
73	26	854	23
76	23	870	60
135	22	670	63
127	25	501	36
42	20	736	19
26	24	230	11
5	1	34	1
0	0	10	1
0	0	0	0
3	0	13	0
36	19	345	22
26	16	1005	44
11	5	881	40
49	22	819	36
100	31	886	38
45	14	798	20
108	23	461	41
148	51	421	70
299	54	141	95
424	51	85	97
316	48	71	100
89	25	85	36
143	37	88	41
93	21	159	38
14	9	179	41
50	36	142	24
55	28	252	18
54	28	310	36
45	35	418	42
56	59	486	40
30	26	340	29
39	37	400	29
49	28	354	42
42	46	443	47
83	35	612	56
57	45	658	50
32	39	398	31
54	45	501	27
46	36	506	29
49	48	421	25
31	34	415	49
26	27	316	36
35	40	255	21
33	40	307	35
49	52	239	44
29	29	148	29
3	10	132	23
38	20	139	20
33	29	188	37
53	35	172	45
39	12	280	16
40	35	168	46
61	34	239	39
78	24	199	33
44	25	173	31
55	35	182	36
18	18	164	39
41	22	175	24
47	64	156	44
44	36	146	37
40	37	201	42
30	26	166	49
37	37	120	43
67	69	166	28
78	34	232	35
41	30	120	32
51	38	133	19
55	38	119	27
57	59	130	26
72	41	128	43
67	46	135	34
56	31	106	31
58	42	126	37
54	39	144	38
20	11	57	8
2	4	11	4
19	16	90	13
11	2	38	8
33	17	54	20
63	22	159	38
140	43	181	42
121	47	150	37
82	21	122	35
84	54	123	36
73	46	83	55
103	58	142	47
114	63	137	43
143	58	134	57
164	72	111	74
204	42	162	81
25	1	7	6
0	0	0	0
0	0	0	0
0	0	0	0
0	0	0	0
72	21	15	14
435	47	52	97
307	59	43	105
343	51	30	96
161	24	24	39
79	30	10	35
27	25	14	44
28	22	14	50
94	20	27	49
44	25	16	53
186	30	25	68
171	40	33	57
146	36	19	64
120	32	21	51
104	32	35	39
110	24	34	48
22	29	54	48
107	64	55	52
112	64	29	48
85	52	52	57
129	44	44	47
64	30	68	46
91	43	66	34
57	35	53	39
80	34	11	40
91	43	25	44
195	31	44	56
205	38	28	77
186	28	34	52
171	29	35	66
185	48	12	51
75	16	17	54
7	9	24	33
60	21	20	29
156	40	40	33
84	36	28	42
81	32	62	42
63	36	34	29
84	38	43	33
106	33	49	50
65	36	41	41
95	54	50	35
63	44	41	35
85	15	29	44
84	51	49	64
97	35	36	40
103	48	33	46
49	34	41	46
68	33	45	31
59	46	32	26
26	22	15	24
59	26	82	28
90	19	66	43
88	28	78	39
136	49	128	50
118	45	83	40
119	47	39	56
125	35	46	33
109	32	66	60
130	38	58	39
90	39	58	52
84	39	26	41
100	30	49	45
120	42	36	68
115	49	58	52
121	60	49	48
93	38	27	54
96	39	39	28
129	38	48	63
99	26	25	60
116	37	36	40
142	29	59	51
75	19	27	44
90	34	29	32
100	35	29	33
113	37	67	54
136	56	36	52
98	40	23	42
98	31	45	58
121	34	16	50
32	23	43	38
46	19	13	48
55	21	32	43
91	23	47	37
59	39	37	32
72	40	50	35
54	15	50	27
50	36	56	36
93	52	73	50
87	74	52	58
77	34	71	43
96	40	68	39
95	32	96	36
94	59	103	64
112	64	48	54
76	33	59	58
66	31	47	48
111	40	78	62
106	82	62	56
153	64	52	57
78	57	98	46
84	34	109	33
76	54	53	41
109	60	43	30
117	49	31	51
63	35	41	42
78	37	66	47
86	47	65	47
48	40	58	40
44	28	104	43
16	8	11	23
20	11	48	24
47	40	132	23
32	23	141	25
38	22	138	22
18	31	51	19
58	37	106	33
100	44	85	39
52	52	66	35
50	55	87	41
63	34	106	33
69	54	119	55
102	52	74	52
74	33	60	30
72	66	66	30
80	48	52	42
51	45	34	30
66	46	60	49
60	47	70	35
65	44	52	28
68	58	68	33
97	62	19	42
111	49	27	48
88	54	90	62
114	36	101	45
65	24	46	40
41	35	57	30
46	31	69	51
87	47	67	51
59	29	75	38
64	21	45	49
9	16	30	32
39	24	26	16
50	31	43	34
116	59	58	43
102	38	67	85
87	25	26	36
64	26	50	50
76	47	32	48
74	26	54	42
82	47	43	44
87	57	62	55
104	60	33	33
124	55	43	54
91	45	54	60
60	23	36	34
109	60	76	44
111	67	38	46
113	54	36	62
53	29	44	38
94	25	38	38
88	50	49	34
75	37	43	51
109	53	67	41
60	39	42	22
73	41	47	31
49	27	55	39
78	38	78	33
82	49	116	35
56	42	123	35
72	35	52	36
20	22	37	30
36	26	60	31
25	30	351	51
58	28	206	29
62	47	177	37
78	39	166	39
103	46	122	39
87	42	79	45
65	58	90	31
65	40	66	29
74	61	58	40
91	41	114	32
64	42	62	56
80	39	68	39
51	27	58	63
44	46	66	18
83	31	52	33
91	32	54	35
78	26	58	43
50	29	53	41
73	33	53	29
89	34	59	26
0	5	10	24
21	21	74	39
97	24	61	52
59	30	34	44
57	43	4	42
62	37	18	44
33	15	43	21
2	10	41	29
63	22	48	32
103	28	28	28
87	34	15	37
66	31	21	20
124	41	44	59
50	26	38	54
68	36	24	37
108	47	37	34
139	55	36	39
103	30	35	39
59	31	24	53
54	17	16	55
48	18	18	44
84	35	26	30
104	19	21	41
77	8	15	35
28	21	25	34
97	17	16	33
92	24	28	40
97	10	8	37
103	39	34	45
123	44	19	46
125	51	39	48
118	35	32	48
126	46	44	37
88	44	24	40
92	56	41	43
123	55	53	55
100	59	47	51
104	48	32	28
72	44	24	30
66	49	40	45
69	33	28	27
58	48	17	27
97	44	21	35
85	30	27	33
86	44	39	44
101	50	49	44
114	35	29	41
92	25	23	40
98	31	34	46
105	30	27	31
36	27	22	41
89	34	11	43
34	28	25	53
136	49	14	38
87	36	17	31
73	48	19	53
75	36	38	59
38	30	36	41
31	21	41	35
125	32	57	51
122	29	53	41
99	48	72	39
97	36	90	42
51	51	83	49
73	40	55	31
83	72	49	53
87	70	71	28
122	61	65	43
103	36	51	51
72	43	38	34
72	36	54	42
82	22	48	38
55	18	41	42
41	20	30	38
45	15	32	33
44	18	26	35
66	35	45	33
61	24	14	33
23	4	18	27
64	24	38	37
68	33	23	37
99	31	24	35
52	18	26	27
0	0	27	3
0	4	25	12
0	0	52	6
76	32	77	24
90	26	45	32
88	21	34	27
66	15	60	30
3	15	51	31
81	42	103	42
67	39	75	40
18	18	33	12
58	46	64	47
49	38	36	41
42	31	62	35
33	20	93	26
38	24	68	36
46	29	37	27
12	11	30	11
46	32	86	37
46	28	112	33
85	46	153	32
61	47	96	49
37	22	131	33
2	3	134	9
4	3	87	19
7	11	87	20
15	19	91	14
4	2	128	11
14	5	109	12
21	19	81	18
24	37	90	18
23	35	66	16
19	36	43	8
1	0	2	0
0	0	1	1
0	0	0	0
0	0	0	0
0	0	0	0
0	0	0	0
0	0	0	0
0	0	3	2
0	0	57	4
2	4	11	3
48	39	119	12
62	32	114	36
53	31	119	36
3	2	17	10
47	17	117	20
44	29	116	23
65	41	130	29
86	32	149	29
0	10	125	26
14	23	173	21
32	37	149	26
14	21	143	18
54	32	176	23
42	33	233	28
27	15	153	25
41	22	173	30
17	12	168	22
28	32	113	25
58	22	175	22
43	24	145	26
92	42	97	33
82	41	143	33
52	19	97	36
59	33	132	36
47	16	90	27
30	22	96	43
12	13	128	22
0	0	2	6
0	0	1	2
0	0	0	1
2	3	10	1
36	31	85	28
59	23	116	26
26	24	89	14
42	18	83	21
71	34	92	48
97	32	84	30
69	35	118	48
65	39	49	39
26	18	47	14
51	20	77	20
30	23	57	19
14	14	78	18
45	27	103	22
109	31	38	22
94	56	54	52
83	51	73	52
25	19	17	27
22	7	27	27
69	28	25	43
6	9	49	28
18	12	15	25
70	23	34	18
54	14	80	29
45	23	48	33
70	33	96	41
105	46	84	46
72	27	98	44
87	45	95	39
83	45	136	50
70	38	185	36
60	44	229	39
36	46	226	49
60	52	189	36
96	51	252	58
69	41	299	51
40	31	121	36
4	3	11	2
0	0	3	0
0	0	1	1
1	0	24	1
40	23	125	26
95	67	270	53
79	35	236	39
100	34	204	19
71	33	193	19
46	27	88	29
129	34	184	37
218	48	145	50
219	38	180	67
367	44	241	34
317	62	300	48
268	40	204	66
192	25	190	51
83	16	188	42
125	21	334	49
36	12	252	9
54	15	219	21
12	3	280	22
0	1	145	11
0	0	44	4
35	9	158	27
121	22	227	58
109	26	54	56
296	30	63	110
233	44	39	59
209	33	42	45
114	45	39	25
82	35	64	43
67	33	117	47
8	6	108	26
32	18	156	33
45	43	204	33
67	40	340	35
44	27	337	41
58	39	537	55
78	43	744	42
17	15	577	36
34	23	428	42
3	5	706	22
3	2	697	13
39	31	371	47
46	42	425	57
47	22	425	48
39	27	412	58
27	38	212	37
71	30	212	42
88	41	110	38
129	47	64	31
180	50	30	44
328	47	50	73
343	40	54	66
178	45	31	71
101	16	338	56
1	0	0	0
20	19	215	35
34	25	268	70
136	30	60	89
332	28	49	134
277	27	59	91
158	21	28	44
16	3	59	38
48	52	64	53
62	35	118	48
49	35	105	27
56	39	80	42
26	29	58	27
22	22	60	15
20	9	80	30
59	15	136	24
84	43	202	37
77	49	140	37
85	29	124	26
51	30	183	40
59	45	141	41
28	19	67	20
3	10	51	24
0	18	80	32
41	26	94	40
45	29	95	39
39	30	46	31
86	38	65	57
11	8	55	42
0	1	0	1
0	0	0	0
0	0	0	0
0	0	0	0
0	0	0	0
0	0	0	0
3	1	0	0
1	3	0	0
0	0	0	0
0	0	0	0
0	0	0	0
0	0	0	4
0	0	0	0
0	0	0	0
0	0	0	0
0	0	0	0
0	0	0	0
0	0	0	0
0	0	0	0
0	0	0	0
0	0	0	0
2	0	0	2
0	0	0	0
0	1	0	2
0	1	0	0
0	2	0	0
0	0	0	0
0	0	0	0
0	0	0	0
0	0	0	0
0	0	0	0
0	0	0	0
4	0	0	0
0	0	0	0
0	0	0	0
0	0	0	0
0	0	0	0
0	0	0	0
0	0	0	0
0	0	0	0
0	2	5	3
54	29	72	47
84	27	92	31
71	49	90	41
58	32	77	27
59	39	92	36
69	64	93	36
65	28	91	37
62	15	94	47
61	32	82	30
62	34	108	31
68	36	173	34
37	19	116	39
22	25	101	30
11	23	127	39
34	21	106	41
55	29	105	27
57	23	108	33
48	42	86	31
67	32	82	34
13	21	59	26
38	23	99	34
37	25	114	20
69	28	81	14
39	26	78	38
53	29	98	39
63	44	68	35
64	13	84	19
50	14	82	28
40	28	97	45
73	36	96	25
45	32	99	44
34	26	22	36
32	26	46	33
51	36	51	36
60	20	58	26
72	15	120	19
30	24	59	35
41	27	102	28
45	28	77	31
60	35	49	23
48	29	71	39
47	35	53	43
39	28	92	35
37	25	77	29
39	37	75	27
55	22	93	23
18	21	76	16
14	17	37	18
36	45	69	28
45	31	68	34
46	26	92	29
13	11	47	32
27	25	67	33
44	33	83	23
53	35	97	32
54	36	98	24
71	27	113	22
48	27	64	36
15	17	163	36
22	28	103	33
26	40	108	32
38	33	97	36
32	29	154	38
47	29	152	33
39	17	135	29
27	31	149	34
4	2	6	3
44	19	176	29
34	28	245	39
41	28	209	33
6	12	86	4
0	0	3	0
1	1	31	2
38	12	332	23
15	23	219	34
29	19	326	34
63	28	239	41
62	24	305	28
47	19	228	39
18	4	66	13
2	0	10	1
7	6	93	6
0	0	0	3
0	0	1	1
0	0	1	1
0	0	0	0
0	0	0	0
0	0	0	0
0	0	5	0
3	2	14	0
17	16	156	12
26	19	253	16
2	3	201	10
4	8	12	6
2	0	109	4
0	0	0	0
3	2	5	0
30	19	432	19
43	38	808	23
38	36	819	45
17	50	749	37
15	27	793	37
26	28	608	30
36	22	859	28
39	36	855	30
43	37	826	34
45	54	916	34
42	40	767	33
40	38	688	34
35	31	611	33
44	27	567	24
37	20	703	33
33	42	612	33
50	40	718	39
58	53	572	43
61	35	457	29
47	43	803	39
36	38	539	46
33	28	536	41
31	38	791	43
69	55	699	30
54	59	642	41
36	36	465	37
18	21	560	31
10	19	553	34
40	28	677	33
45	41	714	28
24	23	641	36
21	36	464	31
16	21	490	34
22	43	331	46
32	48	508	33
33	35	408	27
36	32	266	39
55	49	354	35
41	24	494	43
40	21	312	23
56	21	270	32
48	42	277	35
53	35	232	31
64	28	151	34
38	22	113	23
53	36	114	33
47	59	67	19
66	35	57	21
60	33	44	27
160	37	59	48
214	33	45	60
366	41	40	73
450	35	40	109
268	40	43	67
326	50	54	99
69	33	22	48
171	43	403	94
136	41	399	73
108	28	414	57
66	18	342	40
69	19	285	76
41	29	41	51
227	65	107	302
122	45	53	67
191	39	85	68
85	29	63	46
107	51	50	30
65	26	73	43
43	30	49	39
39	37	103	44
32	40	114	43
41	33	168	20
35	20	163	31
44	38	207	24
45	40	190	31
39	26	245	27
38	34	263	30
42	37	365	36
30	38	412	26
47	28	479	18
35	33	460	43
37	33	457	17
41	28	350	27
36	47	344	31
29	31	283	17
38	38	335	32
32	40	310	32
42	34	318	42
26	32	350	44
29	41	253	30
29	26	322	31
43	34	301	28
66	25	318	35
62	37	352	19
48	51	313	36
49	41	265	37
62	33	227	23
43	22	235	27
40	33	266	44
32	28	282	29
26	30	265	18
37	40	257	34
42	46	387	36
39	39	383	47
32	25	221	38
0	5	83	13
6	13	131	31
24	37	252	38
42	14	249	26
23	9	261	13
38	38	403	44
47	36	355	35
26	14	407	36
10	10	372	32
14	30	325	30
13	23	314	18
50	33	476	29
50	30	393	25
31	33	541	30
33	35	440	29
35	29	581	41
52	48	543	35
56	36	542	31
31	50	622	30
43	22	634	27
11	13	426	19
32	43	400	28
30	21	429	33
41	28	274	31
40	24	271	49
55	34	245	45
59	46	213	47
33	33	91	42
1	6	112	23
22	31	159	45
65	36	174	56
59	31	105	48
51	45	146	44
71	53	142	45
80	27	94	30
78	64	126	49
64	56	137	57
63	70	178	42
85	71	167	56
59	50	136	43
44	49	100	34
42	47	68	46
55	65	68	43
45	72	111	39
54	70	117	44
33	61	128	35
57	95	137	39
69	91	138	55
46	64	84	35
61	71	112	45
64	54	161	37
78	67	79	33
40	51	76	32
29	35	39	22
34	33	35	11
44	45	46	37
45	39	43	41
111	76	53	50
157	64	79	68
267	69	71	91
197	72	23	70
174	51	51	81
150	44	24	57
124	59	39	66
87	58	34	49
72	52	15	40
56	48	23	44
92	59	31	57
59	72	21	57
56	81	22	48
91	76	30	46
54	48	32	36
60	91	20	48
62	105	34	29
42	69	19	30
50	65	23	54
44	71	29	37
22	25	30	44
48	63	10	43
59	48	16	44
77	100	16	58
88	60	33	48
74	64	56	46
86	71	31	48
57	66	18	59
53	67	12	53
26	42	30	40
22	12	11	12
16	11	11	21
43	23	9	39
77	46	19	50
76	74	16	59
75	49	19	32
29	50	22	35
44	38	21	42
40	46	32	42
47	59	28	42
55	59	12	53
42	56	7	47
56	50	30	38
52	60	33	42
83	59	23	35
59	66	39	41
60	64	33	35
38	84	10	45
50	76	34	47
49	69	43	37
51	75	53	40
50	97	34	32
34	95	17	49
58	96	39	43
55	96	58	45
46	91	29	33
44	96	41	35
67	63	27	34
37	73	19	31
60	60	44	34
43	51	33	35
44	48	13	27
52	52	23	29
8	37	15	34
60	47	27	36
67	67	15	52
77	61	26	64
68	88	41	48
58	55	22	57
81	81	41	53
41	48	25	53
20	46	24	47
25	35	5	39
56	58	29	34
39	37	6	27
34	58	17	34
39	59	28	32
46	53	12	40
61	49	16	41
61	70	11	34
83	84	45	60
78	75	28	36
51	86	11	53
77	94	21	43
67	58	10	51
67	53	24	44
47	60	2	43
97	73	11	35
86	78	31	62
92	76	12	52
75	67	12	45
29	31	9	41
66	36	15	42
107	65	12	53
92	33	33	44
56	39	43	54
78	38	18	51
75	32	0	36
83	45	10	58
85	46	12	47
104	61	21	37
90	44	39	56
72	52	27	57
108	97	18	55
74	67	13	57
79	63	45	31
63	83	7	37
68	63	28	62
39	46	13	42
32	47	6	34
40	75	16	36
72	67	30	36
71	84	35	52
42	60	21	55
46	55	27	60
72	67	38	36
60	50	18	42
60	50	16	42
54	53	24	58
100	51	25	49
124	66	17	53
153	63	24	87
53	34	18	38
82	113	40	136
63	67	26	68
63	71	10	43
64	60	20	47
75	71	21	57
57	73	15	34
14	29	4	37
64	49	16	54
86	36	13	54
75	58	29	38
108	57	6	56
60	42	4	78
73	46	6	55
64	55	29	44
67	38	31	43
9	24	13	51
46	62	13	48
60	66	6	36
63	55	14	38
51	59	28	50
46	84	10	49
49	53	14	46
47	82	25	53
16	61	9	45
63	87	25	33
35	80	26	42
6	47	27	33
50	72	25	41
26	60	17	48
49	77	19	29
69	94	42	43
103	81	23	64
91	56	14	57
1	3	21	39
76	47	44	48
104	74	35	68
89	88	25	90
97	67	13	60
107	71	14	56
70	66	4	49
61	60	13	54
56	75	9	40
81	74	24	48
52	67	8	40
65	95	40	57
49	56	16	47
38	42	12	32
0	0	1	1
0	0	1	1
1	2	0	0
1	3	0	0
0	1	0	0
0	0	0	0
2	1	1	2
11	11	1	7
88	80	14	58
61	48	12	51
77	59	10	51
67	57	9	46
159	76	37	114
74	62	19	74
74	80	5	51
61	89	2	41
48	144	12	54
43	109	9	30
44	99	15	51
55	150	12	41
45	159	20	37
50	150	5	61
76	267	34	60
63	193	26	55
83	214	19	55
55	135	15	56
47	159	13	48
72	232	22	90
106	226	19	95
70	176	16	60
7	80	19	45
22	49	24	28
36	107	21	32
39	115	19	33
26	111	27	57
7	63	13	23
39	167	24	42
41	127	29	39
80	166	19	65
70	208	17	65
43	139	19	48
63	156	0	44
91	200	10	60
62	209	10	49
52	204	14	59
66	170	40	38
65	191	17	65
79	186	15	67
46	162	23	56
3	16	16	40
60	105	17	55
92	124	0	63
62	90	6	53
51	60	12	51
60	55	35	49
41	31	43	70
34	34	23	42
53	39	18	39
37	43	21	50
62	67	16	44
50	75	35	49
77	95	38	61
86	78	70	47
105	92	104	60
97	104	93	61
105	103	101	91
71	95	90	53
87	86	46	38
48	57	56	42
61	43	41	35
3	3	2	0
43	49	22	35
38	48	18	36
82	70	55	38
70	53	41	43
27	35	44	32
0	0	0	7
35	37	44	50
89	93	74	45
67	38	50	60
101	70	24	60
83	69	17	51
75	59	41	45
115	74	37	60
114	83	30	54
118	88	24	59
60	58	1	41
19	27	8	31
61	31	10	47
15	17	5	34
2	0	2	2
0	0	1	2
0	0	0	0
0	0	0	0
0	0	0	0
0	0	0	0
46	14	23	13
6	2	8	8
8	11	33	30
32	15	16	13
9	4	3	7
24	31	26	29
46	37	38	42
50	41	44	44
57	53	33	41
45	33	56	51
134	48	106	43
121	58	124	54
84	38	59	66
64	34	66	49
67	35	88	43
58	47	94	30
68	39	119	39
66	49	199	49
39	30	262	53
27	18	261	32
28	38	256	39
66	45	282	38
33	31	436	34
47	20	503	45
51	43	402	40
37	44	299	29
44	35	263	35
49	47	249	33
47	41	356	27
28	22	440	23
19	19	494	15
41	27	325	22
47	63	316	31
54	27	358	40
62	49	329	33
42	38	393	43
46	24	299	45
52	31	321	15
51	39	357	34
50	64	280	37
36	39	271	30
38	37	447	24
45	50	399	39
35	35	303	36
40	34	381	43
42	33	335	41
40	28	247	20
33	29	123	40
64	49	106	31
73	33	79	26
78	38	59	47
191	47	80	76
298	48	179	139
107	34	108	55
105	36	627	78
111	45	709	46
86	35	946	38
19	6	462	15
4	0	141	5
13	4	145	24
122	23	276	69
96	16	137	96
146	23	191	102
241	28	246	74
292	38	155	83
451	37	107	109
93	5	15	31
365	29	45	59
546	52	42	106
345	52	53	58
375	43	129	80
135	35	78	64
39	22	40	31
57	24	157	29
57	29	241	44
49	23	190	33
19	29	167	38
51	28	161	26
59	30	177	29
59	39	197	22
37	26	161	35
56	41	198	29
74	44	250	20
56	27	312	27
51	40	320	35
60	48	370	26
37	37	376	29
30	29	492	37
45	43	357	38
43	44	336	45
60	38	414	38
45	33	456	30
19	9	175	26
23	24	380	26
20	35	362	38
35	37	558	31
29	33	707	43
38	44	566	42
26	43	430	28
44	29	555	38
42	20	551	45
30	15	421	43
33	34	575	46
22	26	482	38
18	10	212	21
1	0	25	0
2	2	4	0
0	0	0	0
4	0	1	9
6	2	61	21
44	18	241	41
62	43	298	41
57	40	253	52
118	50	252	58
114	58	248	35
109	44	254	40
76	39	200	44
32	20	120	31
0	0	0	0
0	0	0	0
0	0	0	0
0	0	0	0
0	0	0	0
56	16	87	14
144	41	308	47
136	46	221	56
168	46	401	61
167	49	429	75
172	55	364	69
142	59	397	56
101	50	214	57
85	38	275	52
50	40	141	43
48	28	202	56
48	23	179	45
60	50	253	45
59	38	285	41
81	49	232	36
79	45	318	41
50	35	608	46
33	54	517	33
17	38	405	37
22	41	214	27
28	48	328	38
59	58	456	23
27	28	334	37
16	22	457	39
51	30	525	33
51	31	361	38
44	24	389	38
57	39	317	27
60	35	316	30
37	44	349	31
54	29	230	34
43	29	251	30
25	21	199	31
27	28	232	27
71	46	192	21
55	40	116	26
55	36	112	23
30	26	110	26
19	10	61	24
78	20	31	25
181	42	45	32
224	28	32	49
303	38	40	75
390	49	78	57
449	43	137	149
87	38	119	56
89	39	144	54
11	0	26	33
219	27	51	91
464	29	76	108
494	35	103	83
355	32	77	71
190	39	61	57
87	39	58	37
98	34	72	35
114	30	217	53
115	30	219	39
66	29	210	49
49	17	165	35
17	10	150	22
24	16	135	28
30	23	173	31
45	29	191	40
47	39	168	34
63	41	237	31
37	19	305	45
29	22	283	31
20	15	218	30
20	28	202	33
30	23	224	31
38	24	459	57
38	41	466	32
72	37	360	54
53	39	276	37
48	38	263	55
34	38	242	34
26	31	293	28
58	48	334	31
84	53	256	26
46	37	232	36
38	27	182	25
36	37	169	30
26	28	185	37
41	25	235	37
30	24	211	27
37	25	234	39
42	25	265	30
44	36	234	47
60	33	213	37
50	38	267	40
51	47	292	27
53	41	198	42
18	26	242	34
29	50	264	29
45	30	185	21
45	31	103	28
70	42	349	41
42	41	289	21
38	37	170	37
36	52	360	40
42	43	259	57
54	38	328	37
38	42	336	34
45	43	376	28
45	42	250	40
62	33	320	28
54	33	419	45
51	30	467	50
74	35	457	36
72	37	462	45
36	30	458	35
53	34	447	46
49	48	345	44
100	39	324	50
68	54	178	30
79	49	101	40
33	28	48	41
138	36	61	61
208	52	53	73
289	43	57	78
305	41	78	93
272	37	190	89
200	40	105	66
238	47	157	68
275	49	177	94
283	33	148	102
341	40	241	99
215	43	154	87
71	20	158	54
135	23	181	62
107	48	123	53
111	36	151	36
70	51	167	57
67	53	119	65
106	54	125	55
94	61	139	46
57	26	73	39
85	39	65	30
115	31	55	58
122	24	60	52
198	41	37	64
315	42	50	91
285	47	68	111
261	44	27	89
129	47	12	86
188	79	20	80
131	51	19	82
125	25	15	45
119	42	12	59
73	52	15	35
117	53	5	43
90	46	7	56
154	64	23	48
26	18	10	36
137	38	13	66
262	72	42	102
116	63	24	98
133	58	26	154
129	59	29	80
188	65	65	102
144	53	15	97
104	30	12	72
30	19	10	45
87	54	24	95
106	45	20	85
147	78	19	74
107	82	36	61
76	77	6	44
80	68	19	53
61	73	6	38
60	95	18	57
79	127	28	54
66	94	15	43
71	144	27	63
108	191	16	64
80	155	14	51
104	152	17	58
105	154	13	66
113	147	22	66
140	176	12	55
113	169	26	60
105	163	20	74
102	201	41	63
90	200	18	40
0	10	17	4
0	0	0	0
30	72	2	23
17	75	26	56
92	155	15	53
131	252	33	77
148	315	66	84
64	136	17	56
57	167	24	51
98	178	19	56
85	160	15	73
104	267	42	79
52	197	42	67
128	215	26	82
73	134	16	59
136	258	25	58
184	311	31	85
209	353	61	106
103	300	54	74
89	228	55	75
42	96	33	63
78	179	31	53
150	309	28	70
172	347	25	102
108	363	45	66
104	295	25	58
117	325	34	83
107	308	46	59
6	161	54	65
120	306	44	85
92	208	81	65
104	224	46	105
87	194	54	107
100	201	67	153
135	191	24	179
129	106	27	169
132	139	32	134
150	214	72	189
153	226	29	123
152	277	27	128
126	258	5	135
162	280	31	112
107	198	19	89
121	276	20	86
174	370	15	115
85	297	39	101
115	276	24	107
157	420	46	96
117	445	50	122
167	353	43	118
137	331	53	100
134	331	43	162
196	321	70	200
131	198	60	148
125	310	27	181
109	262	18	84
95	253	47	101
151	304	20	113
174	397	40	120
135	272	27	101
120	209	54	102
128	224	40	130
86	193	31	155
128	241	39	193
109	184	42	242
178	224	55	294
145	161	29	171
130	127	29	198
126	174	39	206
133	199	26	218
147	196	24	184
110	140	30	138
78	146	23	102
149	379	57	131
174	504	27	118
139	419	57	150
164	516	70	130
177	471	38	126
109	307	33	93
86	274	30	78
108	238	14	61
53	203	20	62
67	224	23	50
134	386	30	82
142	419	22	119
94	249	53	100
91	280	38	105
105	333	29	87
77	232	24	121
39	135	10	50
24	60	4	12
78	203	46	50
73	141	34	44
50	125	15	25
136	279	43	53
72	214	35	53
60	151	9	42
127	218	11	49
133	262	17	35
110	241	10	59
85	165	32	29
103	180	30	67
130	229	17	52
138	194	35	70
95	147	39	56
79	105	4	47
113	98	17	47
141	106	19	88
189	129	37	102
182	172	15	110
114	110	17	118
96	82	13	81
164	133	41	116
137	150	21	131
161	149	38	144
235	140	55	132
183	122	29	102
137	83	28	86
96	92	40	48
35	46	25	61
149	107	47	50
157	79	36	84
39	44	18	60
225	86	23	71
185	82	48	102
148	109	22	108
179	111	17	113
149	89	20	75
139	73	20	39
146	91	23	42
82	95	20	45
101	110	15	59
116	103	28	49
119	126	30	65
131	125	13	56
128	136	26	71
154	155	11	53
164	141	33	63
182	152	30	101
185	140	53	78
172	135	20	56
136	148	39	59
140	175	38	68
136	150	26	51
123	143	36	45
150	137	27	62
82	107	19	47
164	134	34	58
89	91	23	66
86	91	26	56
118	118	14	52
113	119	10	73
101	125	18	70
124	125	23	46
163	105	14	62
156	118	23	73
145	132	14	75
144	123	26	79
126	116	32	92
75	72	12	62
149	96	23	60
108	50	15	48
102	61	18	52
49	47	14	48
93	62	23	100
139	76	33	116
166	87	54	145
164	106	53	145
176	108	45	122
151	49	38	59
117	79	18	62
60	41	26	34
31	34	30	39
103	80	74	50
95	110	37	54
84	87	60	63
84	117	56	65
112	96	64	62
94	97	68	67
123	153	75	59
146	152	93	58
106	106	76	49
96	104	40	50
102	84	73	46
99	150	125	71
86	104	172	62
27	55	152	47
66	62	145	49
78	82	139	46
76	60	139	66
40	64	106	48
48	81	156	37
57	72	143	53
78	96	202	45
69	93	106	48
48	77	94	49
74	80	109	53
57	72	124	47
53	62	140	43
41	60	150	46
64	91	146	52
48	62	123	54
90	81	151	61
52	87	125	73
49	83	154	43
68	84	120	43
43	82	115	49
34	47	95	27
23	63	75	34
23	54	118	32
35	45	154	30
13	51	80	33
36	71	95	40
57	91	219	66
54	99	199	78
47	94	169	25
52	75	163	42
61	75	143	57
34	72	236	30
52	89	261	41
55	67	160	50
47	49	134	64
54	80	218	56
34	53	214	46
39	51	240	59
20	31	230	40
34	51	280	75
11	18	100	21
1	0	0	0
55	30	140	29
48	30	101	45
40	40	79	48
93	51	89	57
71	53	76	59
121	70	66	82
120	45	62	53
147	59	80	67
116	44	76	70
139	34	130	92
126	30	49	63
141	35	80	85
146	41	89	75
95	32	94	77
74	22	59	57
33	15	51	29
38	27	94	48
60	31	118	49
62	43	180	51
62	46	168	45
89	63	252	53
63	32	410	53
37	52	424	52
40	37	538	43
66	50	488	60
63	77	530	71
128	140	761	103
122	132	833	68
115	93	794	76
98	98	715	116
53	51	541	59
61	51	567	44
49	42	408	34
44	42	474	32
52	44	471	37
67	54	358	25
53	48	405	39
37	56	374	32
36	34	492	41
45	24	500	28
38	30	440	31
10	18	304	41
50	32	374	37
48	35	253	40
72	52	458	41
47	41	336	31
40	55	324	31
4	7	130	6
63	30	303	32
70	52	278	27
40	30	224	19
58	31	140	24
83	35	230	31
55	41	226	47
29	32	136	35
40	36	163	28
24	23	171	40
71	25	116	51
78	38	70	53
90	37	68	41
78	43	70	33
72	29	53	34
127	35	83	43
108	55	97	46
80	31	41	43
132	39	51	39
85	30	52	33
107	46	62	60
208	42	41	66
142	43	42	41
206	34	18	64
166	28	23	57
185	29	19	74
333	57	26	89
296	45	55	106
160	28	14	48
241	42	41	59
72	18	18	26
102	18	22	50
216	46	25	76
196	33	41	67
241	41	28	73
247	38	23	78
301	34	57	127
314	45	53	98
302	56	51	156
290	47	34	187
148	58	30	80
311	60	35	161
322	37	31	142
343	45	33	136
162	49	30	84
296	34	75	139
85	12	37	79
169	19	33	62
188	23	26	55
273	27	48	56
254	26	63	62
92	21	50	54
87	24	94	39
44	19	128	30
47	24	192	22
29	29	147	24
10	8	40	9
1	1	7	0
0	0	0	0
6	0	10	0
0	0	61	1
0	0	97	18
0	0	15	5
3	4	1	3
13	19	59	21
26	35	303	37
38	22	461	31
2	4	293	11
45	27	620	23
49	28	664	21
57	39	569	30
35	30	419	33
43	48	385	41
77	56	470	40
44	45	452	40
43	40	449	40
45	43	735	41
30	37	674	31
7	18	595	39
37	22	808	44
32	24	901	44
26	40	785	41
24	21	704	52
39	16	830	47
7	22	696	58
28	17	793	55
23	29	679	48
60	25	629	73
54	51	609	55
35	37	542	67
32	36	627	67
41	26	715	40
36	24	555	64
73	53	585	66
45	42	498	47
46	46	450	45
49	53	456	46
39	29	387	63
51	27	248	62
22	30	122	37
24	12	74	32
100	39	87	57
133	50	49	45
175	39	65	76
149	41	95	119
63	31	167	42
87	32	735	62
69	23	376	51
47	19	540	88
58	21	209	63
228	42	87	120
270	36	80	100
456	42	172	130
304	37	71	72
219	42	69	59
168	38	73	40
116	27	111	36
90	14	120	47
74	34	121	32
62	24	130	32
51	32	190	45
25	30	211	35
41	30	281	23
27	20	306	25
41	21	435	29
62	40	443	19
47	36	437	19
60	49	639	34
27	42	606	40
14	32	399	43
45	33	638	38
67	28	562	40
77	43	597	36
62	42	571	30
40	20	648	27
15	23	648	35
38	33	653	40
44	24	674	33
24	25	664	53
51	40	738	64
48	37	558	40
55	33	696	53
41	21	631	51
4	8	386	27
29	35	441	41
59	22	356	57
71	29	374	60
66	42	348	49
96	51	204	59
82	40	258	54
27	11	29	19
25	4	60	49
100	27	140	58
110	54	158	51
114	60	147	51
78	39	132	44
10	3	7	10
0	0	0	0
26	19	21	5
25	20	49	28
70	28	50	27
62	37	54	42
66	27	62	40
144	44	142	52
194	42	104	68
200	46	122	80
173	61	117	63
231	46	137	66
98	51	137	57
162	51	99	62
85	38	102	40
87	32	107	37
89	34	79	45
35	23	76	37
50	20	70	32
100	52	93	43
114	63	88	65
78	64	91	53
85	48	100	29
76	50	101	44
54	61	88	47
68	85	117	42
97	53	101	45
83	57	64	32
67	42	65	50
52	26	80	37
146	57	110	43
121	49	86	40
99	55	59	46
97	69	46	45
70	57	68	56
93	55	60	36
62	57	39	45
75	52	63	42
114	50	94	50
123	42	66	49
89	57	77	47
100	35	97	67
102	30	117	55
105	39	99	58
83	36	123	41
90	58	85	66
108	52	149	86
89	44	97	44
71	39	117	50
31	39	80	23
24	24	121	13
35	48	217	34
25	66	285	22
17	41	90	15
5	11	33	5
5	14	32	17
4	5	59	7
7	18	126	11
0	5	13	5
4	5	13	2
1	6	18	10
0	0	9	6
1	1	16	5
11	9	83	6
4	9	321	13
29	22	155	24
4	9	23	5
0	0	0	0
0	2	1	0
0	2	1	0
2	2	0	7
2	3	22	7
6	23	74	17
2	2	7	4
11	12	34	14
56	44	150	23
51	29	126	51
40	28	80	40
57	34	84	30
56	29	70	32
65	44	64	35
21	30	39	23
75	34	32	29
99	67	41	41
122	57	78	30
99	47	60	44
88	30	44	45
121	30	13	51
98	25	30	34
21	19	60	40
145	23	49	46
96	30	55	41
127	43	45	40
66	40	43	31
92	41	40	45
100	58	50	34
123	51	46	37
106	37	41	46
106	43	67	47
146	52	102	53
78	51	93	54
77	67	135	51
86	49	137	38
45	33	115	43
33	23	109	50
70	37	166	47
53	32	153	32
47	24	72	35
31	9	74	20
2	1	11	5
43	29	113	46
94	43	125	48
86	42	139	42
73	44	137	44
52	51	179	19
53	52	189	51
19	28	114	33
51	53	165	33
49	50	147	35
63	30	331	46
77	70	417	35
68	48	383	33
80	63	320	50
62	77	280	32
63	73	286	32
52	75	301	32
92	59	355	44
94	55	384	33
92	52	208	39
143	56	261	69
148	44	255	58
107	56	285	40
92	56	258	51
102	56	221	49
94	60	357	37
162	44	454	79
167	56	444	46
124	48	432	51
88	38	339	47
117	62	326	54
126	43	335	56
152	46	557	66
108	39	363	49
93	22	233	32
82	21	186	44
126	14	162	60
198	38	165	64
174	47	161	143
124	36	20	128
336	37	32	205
232	50	60	81
287	36	117	111
235	42	77	77
245	39	80	58
171	19	85	58
125	23	160	37
80	34	187	54
60	26	87	26
39	9	160	29
9	8	121	22
6	6	42	21
5	2	37	19
17	15	302	28
27	34	322	43
45	44	137	22
50	25	337	45
60	41	363	45
62	33	362	43
58	30	343	33
12	1	80	31
42	29	288	49
54	42	390	24
64	44	287	41
48	32	368	33
24	4	199	11
29	16	289	15
39	30	303	23
45	27	377	34
49	26	409	26
64	30	418	29
65	50	591	32
57	50	558	39
40	45	457	46
22	11	88	11
9	9	106	23
11	6	371	24
8	6	518	27
63	40	669	42
47	49	555	35
50	49	609	35
42	44	795	49
24	26	629	34
28	27	657	44
41	42	842	49
49	33	860	42
29	30	727	33
25	26	731	53
23	23	704	31
20	11	562	40
52	22	791	59
68	25	774	39
29	38	576	51
40	42	582	69
74	33	572	58
45	32	471	60
13	15	277	45
51	29	349	50
65	22	409	58
22	23	323	64
81	25	269	51
89	40	222	72
78	43	180	51
106	47	119	37
86	51	95	42
110	50	106	51
84	43	114	57
126	39	67	58
195	50	49	40
262	42	82	61
342	37	58	71
327	30	22	39
549	53	41	95
447	51	42	103
257	50	17	84
348	37	57	197
300	53	64	97
234	37	63	113
380	43	73	80
189	29	74	72
99	22	26	49
200	34	15	55
212	39	50	57
39	16	36	65
126	29	20	55
123	35	24	51
117	31	20	62
109	34	27	50
126	47	34	49
131	37	25	50
83	31	18	45
101	36	31	50
62	23	29	44
128	45	34	37
119	37	52	54
82	51	61	53
82	47	36	45
87	41	75	54
72	36	88	52
112	46	51	50
54	48	54	47
5	10	28	12
92	40	65	35
35	27	63	44
62	40	49	39
123	63	43	59
126	52	57	66
116	54	31	71
110	61	26	69
91	44	30	45
122	59	40	41
92	68	23	51
63	40	35	38
74	33	38	38
80	46	58	58
95	52	47	43
82	43	31	56
91	51	10	40
77	41	7	35
78	53	11	41
78	39	34	48
97	35	34	42
83	28	26	48
104	43	30	45
94	38	22	46
88	40	33	40
50	41	31	45
78	41	37	48
118	48	33	47
52	27	22	27
25	14	16	7
30	13	14	22
5	2	0	22
0	1	1	4
37	10	3	3
86	35	25	42
83	31	21	56
63	49	16	54
43	33	19	38
68	36	15	37
79	47	29	49
78	55	17	53
67	26	33	54
89	42	17	71
114	59	22	58
105	47	27	67
77	37	46	37
56	55	61	50
65	38	19	47
72	56	41	34
76	25	40	31
68	25	56	24
72	63	56	31
61	49	32	46
100	35	31	42
111	55	36	44
106	41	17	47
6	0	0	11
0	0	0	2
40	11	22	30
66	32	26	36
113	41	38	39
84	42	46	36
92	35	48	52
109	58	67	55
108	49	34	56
96	33	27	35
74	42	49	56
42	22	34	28
22	23	18	20
89	33	30	47
66	39	44	51
112	26	30	58
79	50	65	39
62	32	31	70
108	38	47	41
128	39	53	54
144	38	47	57
101	36	79	78
111	47	113	79
149	37	85	57
198	61	98	70
98	20	51	46
91	44	76	56
136	48	97	51
103	52	131	41
83	44	105	34
78	31	125	30
78	41	123	54
47	30	108	48
124	35	162	63
85	39	212	57
59	35	153	49
53	31	184	44
43	42	214	50
43	28	182	32
55	34	278	48
51	22	409	42
48	35	282	44
46	40	342	41
45	39	277	46
31	25	444	36
41	19	428	40
32	22	507	38
46	31	751	36
45	37	589	35
38	35	570	44
27	25	528	48
38	43	552	34
36	54	532	25
55	51	512	37
76	99	528	69
98	81	448	39
24	26	396	35
26	24	272	44
48	44	462	25
55	31	301	48
42	31	304	37
30	38	290	33
39	26	322	34
10	12	292	40
55	54	222	25
30	48	284	33
35	33	218	27
32	29	174	20
41	32	151	37
39	24	170	18
59	41	167	36
51	30	110	31
38	55	92	27
58	34	126	28
45	40	100	40
62	48	55	42
50	47	84	39
63	43	90	35
56	40	50	32
81	49	64	34
119	42	67	30
58	24	68	32
148	25	62	55
202	23	32	39
373	38	52	81
466	54	55	121
345	41	49	126
216	45	47	69
426	45	82	181
669	66	119	245
322	37	56	124
246	40	77	141
98	37	72	61
173	22	348	96
145	30	248	74
157	52	304	76
166	33	262	42
117	23	197	40
138	29	144	45
132	30	132	48
259	38	16	87
399	28	0	101
350	37	2	113
295	31	99	96
304	50	174	155
184	31	189	87
136	42	170	79
243	47	90	101
228	46	39	79
252	43	69	61
239	43	46	59
239	34	91	55
70	29	96	48
57	25	146	43
57	23	132	34
56	24	247	28
67	25	320	33
56	25	443	28
47	13	368	26
42	47	375	21
35	49	386	29
49	28	415	42
51	39	535	40
43	37	529	41
42	51	454	34
44	28	488	19
30	27	524	28
35	30	456	45
62	45	591	41
22	26	443	31
45	45	600	35
71	35	600	23
85	24	440	36
73	21	409	37
64	41	227	36
69	39	291	42
89	46	237	57
83	29	183	33
116	33	342	59
100	25	190	36
77	40	294	48
110	24	383	55
97	31	301	50
107	24	361	67
81	50	40	35
355	50	61	109
307	57	71	81
19	6	5	2
0	0	0	0
0	0	0	0
0	0	0	0
0	0	0	0
0	0	0	0
0	0	0	0
0	0	0	0
0	0	0	0
0	0	0	0
0	0	0	0
0	0	0	0
0	0	0	0
0	0	0	0
0	0	0	0
0	0	0	0
0	0	0	0
0	0	0	0
0	0	0	0
0	0	0	0
0	0	0	0
0	0	0	0
0	0	0	0
0	0	0	0
0	0	0	0
0	0	0	0
0	0	0	0
0	0	0	0
0	0	0	0
0	0	0	0
0	0	0	0
0	0	0	0
0	0	0	0
0	0	0	0
0	0	0	0
0	0	0	0
0	0	0	0
0	0	0	0
0	0	0	0
0	0	0	0
0	0	0	0
0	1	0	0
0	2	0	0
287	30	57	62
177	43	37	57
144	44	35	34
95	42	65	48
88	48	40	46
74	44	140	33
55	40	156	27
52	40	205	22
24	13	120	25
48	34	199	25
35	35	171	19
45	37	202	24
50	22	194	19
21	6	59	16
18	15	66	11
10	19	94	19
1	6	20	9
5	8	70	18
30	43	322	45
47	22	322	27
12	0	82	18
52	29	303	26
65	42	383	43
55	47	348	32
41	40	480	38
45	39	387	32
41	32	483	37
44	32	535	53
52	41	548	31
40	27	458	34
49	22	384	31
52	33	353	40
37	35	425	22
58	34	464	23
54	25	396	40
12	21	374	42
5	9	293	31
21	26	252	31
60	25	201	53
89	43	209	36
88	35	282	49
81	23	204	35
52	19	238	57
25	21	203	26
10	13	177	44
12	20	284	40
25	34	298	28
40	31	276	46
33	19	256	46
39	16	302	33
21	15	303	30
40	24	433	47
57	19	354	42
104	45	621	54
57	62	543	62
48	47	624	53
62	27	731	47
31	39	481	39
26	32	432	28
49	43	611	54
43	33	478	33
64	39	421	37
54	53	392	45
36	39	318	41
62	39	368	38
48	18	413	25
76	29	386	33
45	26	234	35
70	47	163	43
89	34	157	48
77	44	118	47
19	20	94	33
119	43	103	31
135	30	100	48
129	50	95	57
159	35	82	56
412	62	173	190
188	33	32	103
136	35	43	100
132	37	30	67
169	31	37	97
104	30	38	59
195	42	40	110
80	52	15	56
85	37	31	64
52	34	31	54
86	53	52	77
64	67	27	102
52	65	40	106
31	88	31	102
51	151	25	124
35	177	25	92
37	245	36	86
41	327	62	92
29	312	40	95
75	493	56	78
54	488	68	79
69	420	35	71
70	523	50	73
63	618	64	87
46	477	33	65
29	482	20	72
19	537	7	85
45	433	20	38
53	476	31	70
55	708	70	91
50	692	60	96
42	452	44	101
36	493	43	85
43	763	36	106
46	902	73	122
47	967	54	98
43	856	52	75
27	632	55	68
40	701	78	88
43	616	32	87
54	467	39	111
51	785	99	165
46	555	83	120
39	217	28	94
32	301	32	173
34	231	49	93
41	420	46	171
48	433	28	132
55	683	28	105
71	942	58	108
48	733	97	77
43	711	59	88
19	707	51	84
74	984	50	83
38	788	53	83
43	468	31	67
54	570	70	69
37	520	64	81
49	501	40	70
30	472	48	60
30	505	39	75
35	571	49	68
33	529	40	57
36	400	24	58
48	394	39	74
58	500	71	73
59	671	36	73
66	566	50	96
56	511	36	82
72	467	53	79
45	408	42	78
45	348	42	56
51	345	38	78
51	308	44	81
23	223	25	53
48	292	6	51
53	282	20	73
28	332	24	70
29	295	21	51
7	189	19	45
32	274	14	56
33	347	51	69
29	365	30	62
55	478	59	67
34	307	21	66
19	267	21	37
43	256	21	46
39	295	33	47
57	366	32	73
45	375	44	76
61	367	25	62
42	311	24	71
42	302	20	37
37	274	26	48
37	309	21	47
47	314	14	68
20	225	17	47
74	346	35	59
72	453	36	75
70	333	54	72
47	298	27	71
71	282	34	45
35	297	24	53
57	321	21	50
35	313	26	42
15	181	25	48
40	220	14	48
37	210	22	39
47	289	33	60
33	274	29	64
32	165	43	52
45	175	17	78
50	339	63	82
57	271	46	64
44	357	36	69
27	303	42	60
36	182	26	45
56	337	25	78
47	164	28	59
26	290	20	46
41	327	22	52
44	277	21	66
44	195	40	59
48	204	20	41
35	165	19	43
29	177	29	66
36	173	31	55
51	198	21	49
48	115	29	35
44	103	27	42
19	83	33	39
11	51	33	43
50	42	19	44
42	53	24	70
50	54	41	61
30	39	19	65
22	31	20	28
15	26	33	22
14	48	26	32
17	38	10	36
33	69	19	41
40	74	19	55
41	75	13	42
57	63	25	35
42	56	21	37
46	70	9	58
51	48	14	34
49	80	11	43
32	90	22	49
37	85	8	33
39	74	26	47
44	71	17	43
47	87	13	46
52	87	11	66
25	52	7	43
26	67	21	28
20	58	3	24
24	52	12	26
42	63	8	44
40	47	18	38
79	77	29	60
46	75	28	63
48	77	22	68
46	60	30	26
44	48	10	25
64	75	21	48
51	71	51	29
43	75	16	42
27	48	36	39
35	72	28	35
38	79	33	39
32	70	31	43
49	80	20	44
62	82	14	42
48	56	36	33
53	76	29	51
50	72	29	33
51	76	27	47
57	58	16	59
65	67	33	42
53	54	40	66
54	60	49	57
80	84	35	68
41	73	13	62
43	58	14	46
42	59	21	31
67	59	19	43
48	79	10	42
49	70	23	50
59	71	13	42
76	70	35	49
67	96	17	45
26	51	21	42
37	60	9	42
69	58	21	54
63	48	10	47
73	72	17	49
29	52	12	52
45	44	1	35
59	68	16	54
70	69	17	44
42	81	12	30
54	71	24	55
45	49	18	58
53	80	16	65
68	100	13	64
55	71	20	54
87	90	13	56
60	69	14	49
8	10	12	43
53	32	10	32
53	61	40	53
45	54	8	53
14	32	6	62
40	36	13	28
39	46	22	31
51	61	26	49
56	54	21	39
67	57	32	56
60	58	41	36
56	37	16	51
63	57	27	43
75	58	35	37
52	40	14	47
44	61	22	35
55	76	13	40
59	62	14	34
64	52	14	41
47	51	8	36
85	43	9	55
52	37	12	54
62	52	9	43
46	36	2	37
47	64	8	31
62	63	6	49
81	67	11	50
57	58	14	45
68	74	7	47
73	68	9	56
66	60	9	62
60	42	2	36
14	10	3	15
41	33	3	52
58	45	9	40
38	32	13	38
9	24	22	37
43	58	7	56
68	56	18	52
38	49	24	52
57	65	19	37
49	69	18	58
69	63	16	53
68	46	18	55
34	47	24	50
10	13	6	25
16	27	16	26
37	44	8	48
11	47	22	34
37	64	23	34
66	58	37	31
52	70	23	40
44	65	18	41
47	51	30	55
64	100	26	61
66	78	40	37
54	92	26	31
54	94	42	38
57	47	27	56
46	61	22	61
48	53	41	38
52	46	33	54
17	44	26	43
57	60	27	22
42	44	15	29
17	33	16	32
32	70	21	26
63	84	12	57
67	118	16	53
48	90	18	30
54	67	26	37
46	59	13	35
21	59	10	27
1	32	16	32
35	63	22	53
60	83	24	52
53	55	24	45
44	78	25	47
61	66	33	32
24	26	28	29
29	45	44	32
51	80	31	46
43	57	28	28
57	61	26	48
34	62	38	38
43	55	61	36
40	59	48	39
37	64	46	48
56	81	57	36
63	78	59	34
34	44	34	39
48	68	42	48
39	87	48	43
44	75	56	39
43	69	54	38
35	74	69	49
57	81	72	39
46	73	46	52
48	57	59	49
29	58	62	19
44	53	51	31
18	52	57	29
44	64	72	43
43	41	71	45
46	64	55	38
57	73	63	24
54	60	84	20
33	58	87	30
30	59	88	37
29	68	87	44
51	78	60	23
44	54	105	37
33	72	195	50
41	61	129	33
32	71	96	28
46	51	98	38
41	53	140	40
20	70	119	16
53	57	109	31
52	69	165	32
53	61	193	54
39	51	161	37
41	74	147	26
47	59	140	37
36	51	155	42
41	48	136	31
53	60	127	31
42	73	128	27
37	67	120	26
43	77	145	25
37	57	167	41
29	73	123	45
43	61	132	37
55	60	143	29
48	74	136	42
33	92	145	35
39	68	124	41
47	76	137	31
44	47	121	30
39	58	131	37
56	73	137	32
55	67	106	45
26	63	165	34
52	64	163	41
39	81	124	47
52	80	140	42
26	60	166	25
49	92	105	33
52	80	131	49
37	62	149	46
37	65	145	56
52	88	153	48
33	38	109	44
68	69	128	57
61	89	112	41
47	82	78	48
53	70	94	33
60	68	80	45
57	69	47	47
50	54	63	36
42	54	25	43
57	38	40	45
38	65	30	50
5	29	51	42
45	52	87	43
82	69	80	72
72	62	94	57
79	54	109	60
76	56	89	56
60	47	134	60
65	72	72	48
74	63	115	61
64	43	47	60
63	24	42	34
60	40	49	45
45	37	48	31
73	55	29	40
78	49	77	59
73	33	59	50
36	40	62	37
35	29	62	30
14	21	31	10
36	26	33	41
91	39	49	39
25	39	51	54
66	47	72	63
78	55	63	70
63	33	68	56
69	48	68	41
89	73	128	60
100	57	125	63
109	66	86	44
63	50	65	48
69	34	70	58
37	30	39	47
68	64	107	41
88	63	195	69
108	64	115	41
61	41	93	41
52	56	126	37
60	56	139	41
88	49	151	55
81	57	193	67
83	47	152	49
78	44	174	39
63	36	125	57
25	27	144	30
16	32	127	25
52	31	208	48
55	29	298	33
51	35	347	25
56	40	458	30
45	31	580	40
41	34	390	31
41	27	554	42
33	27	463	42
49	35	483	23
27	40	437	34
44	24	694	42
46	38	598	49
36	34	614	35
42	27	691	47
44	30	677	47
60	64	822	48
47	38	1006	44
15	16	714	49
19	22	654	33
39	24	601	40
40	28	575	29
52	33	663	49
31	47	468	35
27	43	529	35
54	49	587	38
21	34	632	35
35	24	669	38
34	15	420	37
30	33	454	29
53	36	491	34
25	50	401	22
14	18	281	26
15	28	262	24
35	24	411	37
24	32	441	34
28	23	250	42
54	25	159	33
58	40	120	45
66	31	115	38
98	34	55	21
127	44	44	38
118	34	46	33
84	19	30	57
165	29	67	97
80	41	126	52
156	41	496	73
127	51	410	44
65	35	580	66
74	39	368	52
152	31	401	107
166	32	357	78
14	9	73	11
0	0	6	2
0	0	6	1
0	4	50	16
2	0	7	0
0	0	0	0
0	0	0	0
0	0	0	0
0	0	3	0
1	0	4	0
19	4	33	2
0	0	0	0
4	0	9	0
4	8	30	12
8	13	124	14
0	3	163	8
2	1	68	4
35	30	201	23
25	26	143	17
0	1	2	4
0	0	0	0
0	0	0	1
0	0	0	1
0	0	0	0
0	0	0	0
0	0	0	0
0	0	4	1
11	5	53	8
13	11	104	8
0	0	7	3
2	2	22	0
0	0	0	1
1	0	4	3
3	0	3	0
0	0	7	0
0	0	0	0
0	0	9	0
0	4	14	1
29	49	362	12
49	76	487	41
29	47	430	34
33	25	318	32
0	1	12	0
0	0	0	0
0	0	0	0
5	7	59	11
49	39	103	45
40	40	152	51
79	73	196	58
74	113	210	66
72	96	191	49
57	121	110	62
56	120	179	93
49	109	276	75
40	87	121	41
50	85	157	51
40	63	51	35
59	98	72	49
45	113	118	64
24	88	102	50
36	133	84	63
49	142	51	42
58	212	92	55
69	225	136	59
62	188	64	53
70	230	84	56
49	213	89	50
69	277	151	67
61	254	117	58
55	266	107	56
63	258	76	84
68	196	77	55
40	167	47	48
3	7	53	18
3	12	7	4
0	3	1	3
20	130	20	24
5	19	15	12
14	132	40	17
7	46	20	11
1	6	18	16
20	194	44	69
35	264	60	78
34	230	53	64
48	373	63	62
43	314	30	68
51	280	28	58
56	225	34	64
48	225	17	71
85	382	32	82
62	356	47	163
67	337	48	135
49	224	37	110
77	245	52	180
79	212	41	148
98	352	41	229
98	329	41	130
49	382	32	115
52	440	17	92
36	421	62	72
68	456	38	94
88	603	37	98
37	358	37	88
50	519	35	87
66	656	49	120
68	521	24	87
41	357	26	62
42	383	32	101
43	475	22	95
55	376	46	75
44	326	43	75
61	388	57	59
63	402	33	92
87	410	61	89
49	214	21	68
39	235	21	77
41	234	16	69
70	336	17	108
89	361	16	81
46	276	17	75
62	171	21	45
54	210	22	64
63	220	16	71
54	219	14	61
49	161	9	63
28	122	36	49
48	167	21	54
58	173	25	63
55	205	10	67
46	151	19	46
37	135	22	42
36	112	28	41
41	170	21	48
60	215	16	51
71	202	26	50
72	187	28	76
42	135	6	55
41	118	16	43
29	104	12	33
41	63	11	37
16	90	35	32
51	130	28	36
18	100	26	52
36	75	20	45
47	81	19	42
52	80	14	54
37	65	11	61
62	130	18	56
59	107	14	57
52	118	19	74
80	132	33	64
37	109	25	42
55	123	22	41
62	120	31	60
52	144	38	72
40	101	33	60
53	105	34	48
46	90	38	47
49	105	39	61
45	93	27	47
51	133	17	51
41	135	14	66
60	113	18	68
12	82	9	46
30	92	24	36
55	124	25	42
72	101	26	52
97	151	19	65
43	117	16	37
55	101	25	62
73	134	49	52
65	130	36	47
55	140	22	44
32	97	9	50
40	79	24	48
71	120	21	56
104	144	32	74
81	135	10	72
57	104	16	65
52	156	14	43
77	184	9	58
63	153	23	56
60	119	7	61
35	73	23	52
36	102	8	47
53	104	10	51
81	162	13	66
96	173	30	98
54	136	19	93
62	87	38	77
78	158	38	58
75	186	20	58
63	127	22	64
81	115	31	46
40	94	8	69
60	115	21	67
54	149	20	65
96	149	21	71
121	105	14	84
147	154	54	98
34	86	46	49
62	115	22	72
73	99	29	63
80	123	40	108
71	120	57	82
51	59	21	81
87	120	41	110
66	94	18	76
79	114	13	74
14	84	0	49
88	104	22	60
61	111	17	60
77	129	29	96
82	145	25	78
74	94	3	72
89	65	9	71
106	99	16	80
116	103	18	87
100	95	24	95
112	98	42	164
118	118	28	172
120	127	43	130
91	106	29	149
80	88	33	100
103	98	17	104
126	140	51	128
119	105	61	162
68	69	24	81
53	64	112	134
8	35	105	101
42	46	34	51
59	42	28	97
68	31	10	88
73	62	34	100
106	68	77	123
83	68	34	83
61	68	13	61
72	75	24	71
56	83	11	52
33	56	22	57
27	72	16	68
35	151	33	66
65	137	56	63
55	112	38	81
48	143	21	89
80	151	25	68
82	192	33	57
75	222	15	75
52	204	46	66
59	215	54	76
43	157	43	47
39	143	43	66
16	65	32	28
29	112	30	38
51	176	46	41
0	0	0	0
0	0	0	0
0	0	0	0
0	0	0	1
0	0	0	1
0	0	0	0
0	0	0	0
0	0	0	0
10	39	8	9
84	269	27	49
24	192	25	45
64	251	44	64
50	300	84	74
47	196	58	51
48	280	38	55
26	202	43	48
41	201	63	48
48	218	34	51
52	320	45	74
59	239	47	75
27	156	27	68
19	139	26	69
64	252	61	103
62	176	33	94
43	275	33	92
49	231	35	63
37	199	69	68
39	140	19	68
14	118	24	43
17	106	22	38
18	106	65	62
55	272	36	75
54	238	58	83
66	188	40	72
46	122	45	51
10	54	11	48
4	18	12	49
27	67	47	56
55	117	26	42
19	68	23	41
28	94	35	55
70	125	35	67
43	100	42	35
39	52	63	25
22	46	31	32
0	0	0	0
0	2	2	5
16	41	34	47
82	56	24	47
63	70	36	52
50	61	60	68
100	66	15	61
52	45	7	42
13	19	17	49
5	4	14	31
88	55	29	52
81	68	29	60
117	77	37	92
100	50	27	36
105	58	22	60
65	33	22	55
81	64	51	63
77	48	57	71
104	56	19	52
82	50	18	57
8	1	0	14
61	34	22	62
95	63	42	60
61	35	37	43
6	14	33	45
2	6	70	28
49	40	111	54
22	6	36	43
89	29	72	35
48	30	94	25
35	35	88	42
38	28	163	39
32	19	181	31
34	47	248	40
17	31	193	39
15	20	161	34
28	22	211	31
40	38	213	42
37	31	231	38
42	41	210	42
24	33	165	41
50	44	283	19
31	29	173	21
32	32	238	25
9	8	314	12
20	5	326	17
0	0	16	2
1	0	28	1
7	8	221	7
15	18	554	26
7	5	469	17
22	9	569	21
32	28	411	30
31	27	511	36
12	19	379	32
36	29	426	32
29	26	664	43
62	37	527	33
61	53	285	25
49	45	364	30
34	49	352	26
39	45	344	31
42	33	360	25
18	28	346	33
44	41	487	39
37	35	379	18
42	41	403	36
50	43	395	29
47	35	299	26
48	41	307	32
69	64	314	44
26	31	356	24
45	53	267	27
39	50	239	38
62	41	301	53
46	36	339	29
48	36	250	24
42	47	369	36
14	15	474	38
56	19	416	26
18	15	328	19
43	38	139	30
37	56	105	26
37	21	80	35
52	59	43	32
111	39	25	40
150	55	41	41
157	35	24	78
225	39	47	87
348	58	102	146
123	31	47	62
187	36	347	88
48	9	194	47
83	4	197	24
174	42	545	48
175	36	426	52
254	41	574	79
176	25	603	59
154	38	397	45
153	38	426	68
104	38	366	51
67	31	432	27
26	17	435	44
20	16	339	46
41	29	424	46
56	43	450	35
58	32	526	39
49	28	547	32
28	18	590	21
21	18	452	17
47	30	561	25
5	29	391	22
46	30	534	29
29	28	475	48
46	63	614	37
44	30	578	33
21	23	472	39
28	49	322	31
31	31	424	27
48	28	340	39
36	30	379	30
43	38	566	40
22	35	497	27
23	26	371	36
38	39	367	36
65	38	443	29
56	37	382	34
30	33	297	31
37	26	362	27
46	28	362	35
39	33	353	35
36	34	375	27
39	49	360	45
33	21	313	29
32	17	202	29
5	10	191	27
21	11	200	32
50	40	140	46
51	38	143	35
41	30	101	29
43	43	96	44
14	20	96	32
37	22	85	45
86	37	48	33
70	32	72	34
97	28	72	43
66	20	77	47
84	15	70	38
127	25	91	50
174	45	74	68
134	32	79	73
96	26	51	76
247	39	64	76
263	25	93	113
377	23	136	90
189	17	112	63
170	27	106	56
85	19	85	43
63	23	124	40
38	23	132	35
36	31	130	36
56	23	292	40
22	11	181	20
48	26	171	22
40	24	270	33
50	24	257	37
43	22	363	39
38	34	315	46
56	44	252	63
58	37	219	43
47	38	201	42
56	44	143	29
50	29	106	35
46	15	129	32
47	26	91	45
50	39	139	30
60	39	102	26
42	21	112	41
8	2	75	14
23	11	96	36
68	28	101	34
64	34	68	21
60	23	102	38
54	36	128	39
77	30	103	38
41	33	113	44
43	30	136	24
49	41	128	17
34	29	145	42
33	37	110	38
46	49	76	36
51	46	122	44
39	40	142	43
41	33	80	34
51	60	138	26
43	43	104	33
60	36	133	31
46	38	165	39
38	32	121	30
42	32	103	31
43	48	138	41
58	38	134	34
36	54	136	38
32	40	113	37
33	46	42	30
41	52	56	25
36	46	51	38
48	32	74	23
38	31	72	32
30	31	64	44
36	37	63	32
30	43	114	16
38	35	110	36
44	24	85	32
57	39	81	37
38	23	95	47
61	39	90	45
48	48	52	27
45	30	49	40
38	26	72	19
53	43	97	38
68	30	37	37
59	34	43	37
51	37	57	39
41	31	49	48
49	33	60	27
27	41	47	27
34	44	51	39
27	12	24	20
30	30	34	14
37	29	35	18
28	32	13	17
13	6	31	18
14	9	40	22
53	43	26	26
54	39	68	56
50	34	73	24
44	49	85	26
35	28	69	30
52	39	78	46
46	48	118	54
59	61	84	59
31	41	91	55
80	48	124	64
44	28	122	40
44	21	113	42
10	25	244	47
40	36	200	37
67	32	237	37
53	37	329	36
36	52	243	37
35	53	338	29
28	51	286	36
43	33	270	38
50	31	272	43
43	51	287	43
56	51	362	42
35	63	328	43
29	38	317	28
46	50	253	37
50	40	339	20
49	33	330	32
65	50	351	30
43	46	319	34
65	32	361	29
45	57	366	39
69	46	296	33
55	47	220	33
58	42	237	42
44	31	153	37
80	40	165	42
183	33	111	49
54	20	72	38
248	32	66	61
389	36	66	90
605	43	95	90
519	36	66	77
394	37	57	100
434	40	89	116
280	49	52	89
418	41	165	105
318	48	186	92
211	25	193	86
169	38	216	48
191	38	201	58
136	24	197	48
80	28	142	48
69	17	198	19
95	22	242	38
81	27	272	45
91	42	252	41
108	46	189	30
84	52	190	37
71	38	223	45
75	54	220	40
19	6	59	4
0	0	51	5
0	0	46	2
1	0	15	2
6	1	236	3
6	6	308	39
138	45	260	37
131	29	229	42
252	35	237	46
257	32	228	31
42	8	54	23
78	27	59	30
56	22	53	16
1	1	4	0
0	0	1	0
0	0	2	0
0	0	14	0
2	0	0	0
0	0	8	2
0	0	0	0
0	0	26	0
0	0	0	0
0	0	0	0
0	0	35	0
0	0	9	0
0	0	4	0
16	9	36	6
192	41	248	63
149	36	137	78
115	21	190	55
59	20	165	45
109	46	208	52
83	50	299	67
61	30	326	56
43	24	454	41
20	18	514	42
48	24	589	41
57	40	757	34
59	31	737	43
48	53	854	67
47	56	877	55
63	46	828	35
34	46	691	27
36	38	427	25
32	36	580	22
48	38	648	37
36	32	646	33
42	31	469	32
50	33	520	29
34	29	633	37
52	44	622	41
47	34	523	33
23	28	514	33
65	39	568	22
51	27	427	26
45	25	446	30
31	46	326	31
53	34	348	18
40	47	276	29
43	33	288	33
56	48	279	26
52	43	336	29
58	35	336	25
49	56	274	30
43	28	336	29
32	45	431	26
2	20	389	27
28	34	274	25
31	32	345	19
34	31	370	28
29	23	521	39
28	19	450	44
28	31	473	37
70	53	590	57
79	49	467	61
75	48	263	28
13	11	300	4
27	22	312	33
31	40	255	31
21	12	323	26
9	21	231	26
41	36	308	37
24	32	382	26
32	15	331	24
22	18	439	25
32	20	386	50
30	30	552	31
26	30	426	41
22	38	276	25
31	42	343	35
50	39	362	25
62	47	431	33
50	48	437	35
6	24	397	29
5	3	160	13
36	37	388	25
36	21	417	34
47	26	559	43
39	45	601	29
45	53	429	26
37	45	383	21
42	20	344	33
25	20	381	35
39	32	462	45
53	21	380	33
58	16	249	35
40	16	167	34
21	22	118	24
87	23	71	56
196	55	91	47
269	48	79	58
366	52	64	68
380	34	107	95
111	28	60	53
180	28	114	89
201	14	156	72
11	14	230	48
82	15	267	26
192	34	487	55
20	5	32	7
0	0	2	0
2	2	1	0
1	0	13	1
8	8	103	3
54	30	444	25
74	21	659	26
79	39	600	30
67	41	544	57
66	40	402	38
55	19	298	34
5	5	258	5
5	6	237	11
31	20	263	15
9	6	217	5
0	1	7	0
0	0	2	0
0	0	0	0
9	9	21	5
92	47	110	47
107	29	126	49
34	21	92	24
93	35	90	35
108	62	60	46
199	61	42	78
61	21	45	30
100	34	31	52
98	41	56	47
78	34	29	32
58	37	57	42
49	34	59	28
26	24	31	26
27	31	36	30
71	47	45	37
87	71	44	46
40	28	12	23
32	50	38	34
37	26	43	44
44	35	49	34
123	56	60	45
61	46	37	53
40	53	75	54
74	46	55	61
70	72	72	73
83	57	51	59
60	60	48	51
90	63	99	37
77	37	79	38
35	15	54	67
3	5	20	12
53	31	26	30
159	49	84	27
106	46	26	29
49	36	40	31
97	27	40	42
80	53	30	57
75	34	19	39
67	31	35	37
86	43	25	53
164	65	50	49
167	76	52	43
111	27	45	60
93	34	49	43
106	48	49	50
79	55	34	43
52	45	55	37
62	41	12	36
64	49	21	44
50	26	56	34
40	22	52	32
44	24	56	39
44	32	41	66
111	61	73	32
85	62	109	52
44	38	83	40
54	40	88	37
92	34	83	54
92	52	85	44
120	46	99	38
104	42	37	45
53	31	34	34
28	8	56	36
25	5	41	10
89	15	64	23
147	31	50	29
69	17	43	41
86	27	42	55
130	23	68	52
159	28	92	41
115	33	163	44
87	52	88	26
65	46	128	38
62	49	220	35
34	23	253	24
14	13	278	10
46	24	265	37
24	12	239	30
47	33	470	51
46	30	559	33
13	22	452	35
27	20	534	38
33	49	510	43
29	42	417	28
45	42	587	36
51	44	586	32
47	43	652	25
54	38	874	29
53	30	744	40
34	40	591	38
30	51	425	30
13	38	317	37
36	52	531	38
39	20	505	42
59	49	467	44
56	37	518	48
50	29	376	27
22	27	284	27
17	20	228	16
0	1	19	2
0	0	4	0
5	8	79	3
37	24	154	16
59	32	320	43
38	28	193	42
60	30	172	28
53	40	108	41
70	48	60	39
108	50	29	49
207	42	40	71
267	41	55	68
309	32	41	88
345	21	46	117
87	23	50	111
61	26	113	60
4	6	517	59
20	19	378	27
6	14	591	30
28	19	583	40
18	19	533	33
9	9	231	25
461	39	313	173
458	48	233	213
43	9	257	41
283	15	238	67
157	12	221	51
126	16	158	51
137	30	200	44
146	24	244	34
145	47	210	57
108	45	150	44
81	50	165	45
62	32	152	39
61	23	119	56
160	48	178	38
76	19	120	34
74	36	71	36
106	54	97	45
86	53	86	59
96	52	85	40
113	45	61	58
86	57	122	68
98	42	101	56
107	50	130	46
64	60	54	46
90	65	69	42
72	47	64	51
65	47	56	46
92	57	55	43
78	52	30	46
23	35	32	26
63	33	25	42
32	30	32	48
9	12	25	33
11	13	19	30
16	17	18	18
71	58	16	49
100	68	24	66
107	61	26	55
91	66	14	49
90	72	38	52
69	62	27	57
59	51	8	43
57	32	12	50
81	50	8	38
70	66	19	47
5	2	4	9
2	1	1	2
1	5	7	11
10	19	15	22
31	16	12	25
4	3	27	4
2	6	21	2
63	31	28	44
2	3	22	34
16	18	32	35
54	29	22	31
13	7	22	15
25	27	45	17
49	53	46	40
62	34	34	36
86	38	36	44
80	41	21	28
58	42	18	33
49	36	30	45
33	29	4	29
83	62	21	42
67	48	29	37
37	54	23	32
62	51	45	33
77	68	43	49
61	58	30	50
73	52	52	55
55	39	39	53
46	45	31	46
66	61	47	62
86	69	68	48
94	59	40	49
60	51	29	50
86	62	46	78
21	36	47	45
40	43	48	45
56	51	35	26
52	40	40	53
68	43	33	48
17	24	45	23
35	38	61	30
27	23	40	19
35	64	53	35
70	59	30	45
22	47	49	57
61	53	52	38
64	60	21	42
30	41	40	45
44	45	18	43
55	58	56	42
54	66	52	50
59	47	81	51
40	28	45	45
64	56	42	40
70	60	56	83
70	64	28	74
54	57	11	78
62	74	28	66
54	66	30	49
58	119	38	35
47	113	27	55
78	198	32	73
55	235	33	60
59	286	34	75
57	278	12	49
56	239	47	58
57	232	18	56
45	184	23	59
34	165	19	40
51	297	28	51
35	270	29	53
56	338	34	54
35	386	33	74
35	337	27	55
27	323	10	42
47	389	37	91
31	266	12	66
10	202	25	22
7	86	3	21
52	374	22	56
51	405	37	49
44	358	48	58
46	379	40	57
45	444	28	64
60	519	46	90
49	409	36	61
31	326	49	45
24	321	41	92
41	466	56	74
35	513	35	72
23	374	34	39
44	370	40	48
43	307	49	52
24	347	34	37
28	650	51	79
11	303	29	58
39	501	70	66
36	564	23	66
54	559	36	51
56	582	13	59
32	337	6	62
43	234	35	69
33	392	51	105
53	389	54	102
51	300	79	94
51	403	56	92
45	475	20	82
58	667	37	87
49	652	44	89
32	567	64	63
44	589	103	71
9	42	24	8
9	85	46	10
46	641	57	62
49	548	50	69
29	401	37	47
26	430	43	59
11	289	31	18
13	215	41	29
33	451	44	31
39	556	25	50
35	425	38	42
69	613	45	37
68	499	38	47
42	436	37	63
28	461	38	52
41	410	27	58
31	362	40	54
9	162	13	22
54	430	40	46
63	510	52	57
58	509	64	87
64	497	57	68
40	407	65	50
28	417	86	52
46	511	73	66
36	289	39	68
56	393	46	91
49	514	42	109
46	346	36	70
30	262	29	53
34	263	32	37
34	258	49	48
44	274	67	61
46	290	32	74
17	193	21	49
13	190	35	50
22	232	39	58
31	215	33	40
33	246	29	48
21	197	35	59
50	228	37	69
53	245	28	43
30	186	20	42
55	246	56	62
23	105	45	26
7	124	23	32
20	108	17	25
27	224	83	49
13	159	74	26
42	214	28	40
16	83	26	34
23	79	28	42
32	140	53	40
23	159	34	65
49	187	50	58
50	214	52	65
55	166	12	79
60	172	28	46
51	125	21	28
36	109	16	58
24	95	32	41
35	147	17	49
33	137	24	31
41	90	26	54
22	105	30	46
5	38	15	27
46	127	26	56
50	165	31	51
52	152	52	37
40	71	66	52
18	71	32	38
30	75	6	37
58	103	20	46
71	106	38	53
76	124	52	55
70	126	38	58
72	102	61	91
63	107	34	66
49	88	58	57
33	51	31	66
68	66	32	56
14	30	31	40
37	46	75	49
50	57	76	46
42	46	63	47
71	57	97	65
87	53	100	54
89	61	77	54
70	35	78	55
13	19	109	27
22	26	105	33
37	35	100	54
35	48	122	61
66	38	141	52
79	45	256	39
37	40	214	65
45	54	205	51
33	39	261	45
31	28	313	43
38	44	508	54
33	33	364	35
40	63	410	52
45	34	531	28
18	16	407	38
16	33	563	48
26	18	527	37
36	21	585	31
9	17	622	28
25	25	637	44
48	31	587	35
17	25	563	48
14	14	417	48
8	27	541	39
28	21	698	40
49	49	795	44
11	12	714	47
32	29	705	53
37	43	721	29
50	43	657	50
45	32	644	36
37	32	859	43
39	40	582	26
50	16	802	18
50	28	789	35
22	26	850	45
41	40	661	40
42	43	383	43
58	54	574	53
60	44	573	50
56	46	375	36
48	33	488	33
38	48	402	40
34	48	391	30
53	43	452	57
46	57	358	34
34	25	318	42
33	31	425	33
45	39	377	32
32	46	372	20
45	33	433	34
55	41	290	41
40	49	230	47
66	29	303	29
61	46	205	38
65	37	183	27
62	39	243	44
24	11	147	17
5	4	50	4
2	2	75	3
1	9	35	4
29	6	31	27
23	8	39	12
0	0	0	0
0	0	0	0
0	0	0	0
12	3	17	1
133	46	85	41
123	44	92	51
135	42	72	34
119	42	55	38
110	48	88	52
101	65	97	47
121	42	81	32
20	16	19	6
140	41	84	42
132	41	73	44
37	8	87	30
2	0	59	9
29	12	70	41
127	35	67	42
112	34	45	45
16	5	26	13
52	15	26	17
67	11	29	22
359	51	57	82
412	52	16	101
393	39	40	105
441	30	59	121
113	16	35	131
345	51	46	143
265	37	37	99
103	33	369	112
309	39	569	106
287	48	350	73
273	45	390	71
246	60	275	78
184	50	234	64
258	30	141	66
436	43	170	87
346	55	106	67
397	38	63	70
229	41	82	101
148	33	36	90
107	21	40	62
109	34	51	69
106	30	37	55
164	41	32	67
237	46	40	67
184	39	63	73
71	39	67	63
198	55	241	85
154	35	192	58
195	51	394	109
174	41	281	88
193	44	31	78
232	45	56	71
50	8	28	55
97	18	37	59
171	45	58	69
134	33	49	46
128	38	38	44
100	38	83	67
103	52	136	41
64	53	118	55
63	36	180	34
55	46	187	44
83	50	245	35
52	39	348	48
48	29	439	60
58	45	494	55
50	25	573	66
22	10	631	67
47	31	679	51
37	37	802	66
39	31	771	48
39	19	719	70
44	45	678	61
37	28	558	39
33	22	590	54
16	14	550	37
22	22	530	30
38	58	524	42
35	42	389	31
44	34	283	33
22	26	325	27
47	32	272	34
31	25	204	40
6	15	191	25
38	29	186	27
65	42	232	38
52	44	181	45
8	12	134	27
43	29	181	19
48	36	145	37
27	40	170	37
43	32	173	42
35	27	178	27
61	47	186	22
42	39	199	16
41	46	208	33
57	39	252	37
56	54	217	43
55	29	234	22
3	29	211	29
59	35	277	27
11	12	216	23
46	24	226	37
38	40	297	24
39	35	241	25
38	15	273	31
32	21	384	26
18	17	354	21
26	28	337	28
40	44	338	48
33	25	388	25
48	35	636	49
41	33	621	29
30	24	579	36
32	27	525	39
30	39	777	38
32	26	782	50
17	26	523	28
11	23	325	22
24	11	368	13
40	28	333	31
25	31	337	14
13	17	296	12
12	17	258	10
25	29	440	29
45	39	593	22
25	32	465	38
42	44	567	38
32	37	392	36
37	39	574	32
46	34	465	34
42	40	550	39
3	27	531	28
59	30	722	34
23	20	542	24
21	24	595	33
34	30	497	29
16	5	286	23
41	28	331	17
41	35	338	27
36	22	224	31
79	30	224	31
91	35	145	36
128	40	122	60
258	39	96	62
388	38	82	89
319	54	91	87
358	52	146	128
288	49	234	83
259	43	410	90
121	38	347	44
94	20	372	44
81	17	256	44
95	38	241	40
131	32	345	35
162	32	277	39
196	32	300	69
196	27	380	62
66	37	327	56
186	38	323	63
190	36	207	64
16	25	228	42
107	45	105	35
62	46	115	33
4	13	79	18
63	28	140	27
63	20	143	33
148	41	218	66
136	50	253	69
104	38	176	42
148	48	182	66
133	32	162	55
122	43	181	80
205	40	202	78
231	49	220	81
158	36	202	79
78	28	197	54
60	14	355	66
77	14	431	52
95	42	393	41
63	58	477	26
58	52	502	49
37	39	496	48
20	33	777	43
41	21	686	34
43	42	647	55
33	37	684	48
34	36	691	36
51	29	470	39
64	30	414	29
53	28	194	40
103	40	134	53
302	34	141	65
440	37	116	104
180	48	98	94
131	36	97	70
402	67	423	115
316	72	340	103
285	91	392	89
84	56	247	62
43	39	238	77
143	45	379	65
123	35	186	56
131	37	249	49
232	53	190	78
221	45	245	61
241	43	170	73
146	30	93	71
229	34	149	60
43	4	78	39
100	44	67	38
73	26	36	29
33	22	63	26
16	17	53	37
57	25	91	37
74	50	88	38
72	32	71	58
35	23	108	43
41	37	96	33
82	42	120	37
73	34	134	33
92	66	160	57
85	50	173	50
87	65	151	42
98	51	175	53
74	57	171	56
118	74	160	68
52	57	97	32
81	62	93	41
79	77	66	40
69	60	51	49
107	64	41	47
65	70	67	42
91	68	57	47
85	76	27	52
89	55	49	44
35	38	40	33
67	48	38	67
75	67	22	47
61	62	24	30
56	44	21	39
82	59	31	40
58	48	23	40
66	85	27	51
108	75	49	54
94	66	32	51
79	77	33	39
70	71	34	45
53	48	21	48
72	44	27	52
80	61	15	30
42	45	7	44
48	47	23	44
65	58	23	34
56	50	33	40
44	44	44	44
50	40	8	34
62	56	26	42
65	51	11	54
54	78	13	56
58	66	23	71
60	66	13	48
60	56	6	55
72	73	20	72
83	73	5	66
66	59	24	52
69	64	27	56
49	62	19	56
82	40	20	48
78	53	29	53
86	64	33	69
48	66	18	31
33	44	23	40
62	48	12	49
64	62	27	40
47	65	14	44
93	69	11	63
29	35	17	41
13	21	19	21
26	54	16	61
55	66	27	47
101	52	69	51
63	68	31	51
41	36	53	56
23	38	54	31
51	59	34	39
48	53	41	30
20	20	4	31
18	14	9	29
24	24	22	27
30	31	15	28
17	29	43	35
71	75	19	29
84	54	33	60
80	56	39	64
66	71	36	58
65	54	26	57
46	27	17	55
36	44	25	32
39	41	14	41
41	33	8	41
60	41	4	41
69	55	13	55
49	82	18	60
65	103	33	53
69	102	18	35
67	76	11	31
32	59	9	29
48	71	17	54
43	54	25	36
37	48	6	33
43	76	11	60
52	67	15	46
43	53	10	49
55	75	18	60
34	61	6	43
21	93	20	66
36	113	38	43
51	219	35	59
46	240	68	69
44	226	35	74
43	284	25	49
33	338	50	44
38	347	44	61
54	290	32	58
23	253	29	72
40	420	54	57
44	482	36	86
42	421	35	65
59	443	44	74
37	468	38	74
75	413	53	69
51	415	27	86
45	393	36	132
73	340	57	100
54	380	87	102
32	329	42	82
45	359	55	81
6	118	55	56
23	315	66	66
19	475	112	53
25	429	86	63
32	385	99	70
38	574	76	79
40	582	88	66
30	415	54	43
32	484	47	44
39	489	86	56
66	503	73	67
37	397	19	57
20	412	44	62
51	492	39	52
62	509	27	77
85	754	75	89
46	484	71	63
49	388	41	63
53	444	40	64
53	484	41	63
48	349	40	73
36	353	40	71
34	316	55	64
55	418	76	55
36	394	31	53
18	289	35	58
30	387	30	58
51	528	24	71
53	600	16	57
37	426	37	53
46	628	67	66
42	649	38	63
61	599	47	68
52	744	56	75
48	620	29	92
37	493	35	59
33	550	87	61
52	559	38	85
36	571	44	73
58	446	26	71
51	410	36	82
53	427	65	98
65	378	41	136
54	422	57	140
53	512	41	87
38	420	57	71
45	504	41	74
26	510	44	71
22	379	55	74
22	539	76	63
38	473	56	80
48	572	37	60
39	471	58	61
18	491	31	53
27	490	25	77
25	391	32	57
49	594	27	65
40	322	28	44
30	317	19	41
47	511	32	68
61	562	35	48
45	338	11	54
31	339	32	53
26	476	29	64
38	406	23	59
13	237	28	39
32	228	22	37
45	311	48	44
20	325	32	70
24	293	19	67
53	379	46	63
53	315	23	76
54	406	45	59
66	287	26	63
41	244	33	66
37	232	38	44
44	262	39	45
55	360	46	65
62	371	23	42
54	289	29	52
40	212	22	43
47	264	11	47
48	204	7	56
32	151	24	50
74	229	37	43
64	271	37	56
49	192	31	36
46	271	29	40
58	150	17	47
46	118	12	67
46	162	26	60
55	209	17	57
45	156	27	47
36	171	14	37
38	149	16	42
32	134	11	50
35	170	13	54
45	132	2	44
40	149	16	43
74	264	14	53
73	241	29	62
51	137	36	62
65	185	26	81
73	153	8	79
59	134	12	55
39	96	11	40
1	30	19	28
46	77	18	45
47	77	14	53
45	109	19	49
33	65	6	38
47	53	6	32
32	60	9	48
9	35	17	36
24	32	15	32
28	31	17	47
6	30	6	55
47	66	25	64
47	39	18	39
139	75	70	108
46	31	21	45
89	47	36	81
87	38	31	52
53	29	51	58
67	47	118	53
53	37	66	46
53	31	83	24
51	27	144	41
48	34	187	42
57	27	353	37
59	32	425	31
49	34	542	45
16	17	549	43
21	32	426	43
40	31	529	41
16	11	510	27
9	35	724	33
30	28	670	61
40	37	772	49
21	26	649	34
28	32	700	36
59	48	720	37
68	41	728	32
44	30	508	41
23	36	528	26
29	43	569	40
39	46	498	66
41	39	723	47
28	29	531	28
37	17	768	39
7	0	289	22
38	36	530	41
39	37	414	31
40	36	510	20
43	23	520	20
34	28	416	26
41	23	206	31
52	29	199	28
40	52	249	42
61	31	312	25
78	33	277	29
56	34	197	46
47	23	194	36
119	31	119	37
185	36	105	41
265	34	102	49
268	37	75	80
442	39	110	88
400	42	97	141
248	27	66	84
116	35	264	69
55	29	203	48
92	32	309	53
78	49	66	35
228	57	44	82
232	36	36	70
222	49	39	54
154	43	42	54
111	32	58	34
54	26	62	33
36	37	112	38
46	31	95	43
56	33	102	28
60	49	146	53
88	21	121	27
55	37	124	40
14	10	97	59
114	56	96	33
118	48	113	36
50	49	110	32
62	21	84	42
93	28	54	38
118	47	88	48
15	8	21	21
54	22	40	23
100	27	39	29
106	48	50	37
127	42	49	46
121	23	32	36
64	19	50	34
64	36	34	36
125	32	42	32
94	30	32	21
81	17	24	21
10	11	26	35
83	28	41	36
62	22	23	47
63	44	38	44
135	38	58	51
143	26	49	48
135	35	27	61
148	44	53	33
70	38	48	41
60	44	59	38
114	48	48	43
140	39	58	34
97	34	28	57
89	38	23	55
70	46	31	49
71	30	31	35
112	37	50	42
87	49	30	37
72	47	39	24
72	28	43	26
59	38	38	44
65	45	38	18
74	49	64	30
53	35	44	28
59	37	66	38
94	40	62	33
5	23	18	27
46	25	38	39
22	30	55	31
69	34	69	68
94	58	48	37
89	53	64	45
89	48	68	40
62	33	77	46
59	51	85	60
111	58	29	37
102	32	47	32
92	40	54	33
61	39	64	48
112	39	70	50
94	38	43	38
179	50	66	58
199	31	71	55
204	46	34	45
120	37	18	34
114	23	30	31
47	17	52	41
50	23	60	36
126	24	64	37
201	48	65	58
133	43	77	44
118	38	97	31
80	38	49	32
132	42	75	57
131	59	80	49
77	44	46	34
89	26	66	33
152	41	65	34
141	23	76	43
102	25	116	40
74	42	134	41
69	42	51	30
64	39	80	38
93	40	133	48
118	43	89	48
136	43	136	53
89	44	126	43
117	58	150	39
15	4	87	34
62	16	87	22
82	27	101	38
158	38	151	51
147	35	76	60
113	34	100	52
131	37	133	37
114	17	167	38
3	2	7	2
0	0	0	0
1	0	4	0
51	15	51	13
24	27	113	37
194	37	156	59
109	39	154	47
75	35	167	40
60	24	155	27
60	27	188	46
67	24	161	39
74	31	169	34
106	26	144	59
104	22	133	44
72	19	97	32
56	24	156	24
58	25	110	28
71	36	146	40
88	37	213	54
62	36	254	44
72	62	247	46
102	30	265	34
62	45	296	21
53	49	399	39
63	36	338	27
70	43	320	36
86	49	653	26
18	19	370	27
14	25	292	17
15	13	260	19
34	33	387	31
46	31	300	20
36	33	222	30
45	24	243	54
49	24	164	26
28	28	150	18
35	14	227	20
47	49	206	42
29	31	166	36
28	23	171	20
35	38	130	26
42	53	132	24
28	55	102	36
44	49	276	31
32	42	176	20
32	29	144	17
10	9	143	6
49	38	195	8
38	40	154	20
53	35	233	21
29	23	161	21
24	20	114	16
54	23	137	42
24	23	202	28
38	17	138	20
45	17	212	48
65	27	170	26
116	33	212	60
140	42	149	46
48	24	161	41
87	36	179	37
83	26	163	39
70	33	166	47
43	36	167	37
54	40	244	34
69	36	255	46
69	50	163	49
78	65	234	38
80	59	316	40
52	42	171	37
43	29	102	26
52	45	187	40
69	41	165	59
63	47	164	53
70	40	212	49
67	48	190	51
63	46	161	54
60	32	120	45
77	37	112	61
120	63	111	76
128	29	64	80
101	45	51	40
72	34	37	54
108	41	41	55
38	25	49	31
31	36	35	15
60	45	60	23
5	17	91	10
36	28	43	16
34	32	46	18
14	29	21	9
25	15	27	30
38	24	50	21
40	30	45	10
1	3	33	22
30	10	40	34
12	4	56	8
45	33	50	34
81	36	52	50
146	33	94	42
10	16	81	37
41	27	74	45
92	28	115	41
68	48	106	37
81	35	152	44
45	27	101	26
91	48	116	51
45	46	121	34
81	34	102	40
81	34	100	33
74	29	113	39
69	47	174	24
78	30	207	26
62	27	152	39
12	7	26	25
9	16	28	19
41	25	85	48
75	29	164	38
11	14	102	34
42	30	131	43
45	35	177	30
68	36	146	38
46	48	164	38
42	37	282	39
45	22	261	47
43	29	238	41
54	25	211	22
28	22	374	31
18	16	364	31
31	21	335	27
42	33	479	25
20	21	245	29
35	38	571	34
37	35	390	18
18	29	457	21
20	35	477	25
19	17	472	28
32	35	585	27
21	16	565	30
26	41	522	25
40	34	540	26
22	42	448	52
37	41	481	27
37	34	466	34
45	42	475	32
48	24	332	29
25	46	324	22
29	25	368	31
34	24	359	26
29	31	450	28
20	19	290	23
31	33	244	35
30	37	196	26
42	28	120	26
50	35	170	41
50	24	180	23
12	19	49	3
5	13	55	11
14	14	129	10
9	12	61	12
41	28	164	18
51	39	122	18
43	23	96	24
41	39	127	18
42	49	127	14
29	46	178	21
35	32	154	18
50	35	187	32
56	46	174	32
36	37	191	15
49	22	157	36
52	35	148	26
56	29	105	23
61	20	153	28
98	37	108	39
94	22	57	33
163	32	65	46
268	33	37	37
309	57	73	63
382	46	33	84
279	44	64	86
105	34	65	56
210	68	332	98
140	56	257	64
106	43	229	41
91	34	357	48
124	34	356	45
155	21	596	48
86	21	409	53
151	28	611	33
142	29	656	42
108	29	446	29
143	41	548	55
147	32	354	49
109	21	331	42
101	35	272	37
43	24	240	30
6	16	190	43
74	20	189	53
96	37	136	27
152	33	199	33
119	29	167	47
124	34	151	53
119	41	99	39
96	32	111	43
97	27	129	25
40	12	85	35
79	29	195	44
106	33	132	31
122	34	149	42
65	21	95	32
55	36	56	41
33	25	103	28
60	28	139	35
82	23	134	35
22	11	55	38
45	32	108	33
53	27	64	40
59	42	125	32
71	37	99	48
89	48	129	34
68	47	129	46
57	34	85	21
37	32	79	64
46	33	61	27
34	29	120	25
40	17	111	28
54	32	121	36
28	51	146	39
31	39	127	38
59	22	309	32
32	30	201	40
29	25	338	41
45	36	445	27
45	48	342	45
33	32	448	26
40	34	408	37
29	20	500	27
19	21	223	26
28	39	390	39
42	31	482	38
26	45	556	42
13	32	471	28
31	37	497	39
39	32	455	35
14	15	358	25
4	8	264	9
23	22	271	26
39	26	443	36
40	39	273	32
35	37	198	27
70	33	159	18
93	42	103	28
133	38	93	46
162	29	71	43
190	17	55	85
243	26	118	150
76	40	70	43
158	39	491	78
75	34	367	46
81	37	621	32
60	39	581	27
64	33	564	31
92	37	679	47
53	17	392	61
28	7	299	55
211	22	605	121
351	32	179	120
403	31	182	155
190	29	131	97
367	31	297	194
9	3	9	5
0	0	0	0
0	0	0	0
0	0	0	0
0	0	0	0
0	0	0	0
0	0	0	0
0	0	0	0
0	0	0	0
0	0	0	0
0	0	0	0
0	0	0	0
0	0	0	0
0	0	0	0
0	0	0	0
0	0	0	0
0	0	0	0
0	0	0	0
0	0	0	0
0	0	0	0
0	0	0	0
0	0	0	0
0	0	0	0
0	0	0	0
0	0	0	0
0	0	0	0
0	0	0	0
0	0	0	0
0	0	0	0
0	0	0	0
0	0	0	0
0	0	0	0
0	0	0	0
0	0	0	0
0	0	0	0
0	0	0	0
0	0	0	0
0	0	0	0
0	0	0	0
0	0	0	0
0	0	0	0
0	0	0	0
0	0	0	0
0	0	0	0
0	0	0	0
0	0	0	0
0	0	0	0
0	0	0	0
0	0	0	0
0	0	0	0
0	0	0	0
0	0	0	0
0	0	0	0
0	0	0	0
0	0	0	0
0	0	0	0
0	0	0	0
0	0	0	0
0	0	0	0
0	0	0	0
0	0	0	0
0	0	0	0
0	0	0	0
0	0	0	0
0	0	0	0
0	0	0	0
0	0	0	0
0	0	0	0
0	0	0	0
0	0	0	0
0	0	0	0
0	0	0	0
0	0	0	0
0	0	0	0
0	0	0	0
0	0	0	0
0	0	0	0
0	0	0	0
0	0	0	0
0	0	0	0
0	0	0	0
0	0	0	0
0	0	0	0
0	0	0	0
0	0	0	0
0	0	0	0
0	0	0	0
0	0	0	0
0	0	0	0
0	0	0	0
0	0	0	0
0	0	0	0
0	0	0	0
0	0	0	0
0	0	28	1
30	10	250	41
61	24	423	57
123	72	442	67
102	62	310	57
71	35	181	43
59	37	179	36
55	34	132	29
38	40	119	26
31	47	117	32
36	39	209	34
57	43	263	37
49	42	353	47
16	26	279	31
17	25	288	36
37	33	377	33
40	25	459	42
44	37	443	44
53	26	356	34
68	47	356	42
60	45	460	36
39	37	402	67
45	28	547	43
44	29	725	52
26	17	468	51
44	18	451	60
16	14	245	33
22	12	226	44
44	31	312	31
43	34	278	56
45	41	203	63
44	29	215	42
49	30	172	46
23	31	133	44
59	39	180	47
47	37	218	47
36	27	181	39
43	22	197	46
61	16	222	44
38	42	185	72
35	28	145	45
52	33	149	21
49	41	180	38
69	47	201	59
72	38	138	46
73	35	127	44
72	28	137	39
97	31	160	57
70	39	107	35
70	56	101	39
75	24	100	32
77	37	59	33
86	24	85	28
81	48	49	21
108	48	46	34
80	35	22	31
144	26	34	36
216	29	34	34
236	46	14	49
151	35	24	50
169	23	45	81
210	31	50	95
260	46	374	82
130	45	260	45
153	35	500	50
133	38	413	39
146	46	251	49
193	34	149	63
351	38	162	68
374	23	75	47
260	20	115	50
263	29	145	38
200	40	110	49
179	32	154	33
222	45	132	54
87	42	163	36
41	37	178	43
83	38	160	38
88	30	158	39
81	29	249	49
19	23	147	46
119	28	184	36
134	28	245	51
1	3	33	14
0	0	0	0
0	0	0	0
0	0	0	0
0	0	0	0
0	0	0	0
0	0	0	0
0	0	0	0
0	0	2	0
0	2	2	0
0	0	0	0
0	0	0	0
14	2	10	10
0	0	0	4
0	0	0	0
11	3	10	10
81	21	28	22
172	40	37	31
127	22	43	33
58	11	13	13
80	27	30	27
69	27	31	38
114	35	36	33
96	32	23	31
93	21	14	26
115	54	52	30
74	32	61	28
33	6	15	29
58	25	23	32
42	21	22	15
63	47	40	20
82	61	40	19
97	45	33	33
93	19	40	44
82	45	44	31
123	42	38	42
73	43	57	35
69	19	55	44
112	36	76	26
59	40	72	41
82	44	70	38
92	41	91	37
64	25	64	42
86	27	75	42
104	45	87	36
73	22	96	45
82	24	94	43
93	16	152	39
143	26	155	48
73	30	114	29
80	32	136	38
109	54	130	32
121	36	152	34
78	45	175	39
78	36	220	43
116	50	169	25
66	31	137	30
81	31	156	40
76	19	167	25
67	17	143	29
16	8	152	38
69	27	144	25
39	25	136	25
39	24	108	28
24	26	121	24
46	35	140	27
70	35	160	32
74	43	130	38
65	31	115	26
59	31	207	33
38	9	171	13
16	11	139	10
66	34	136	32
81	23	143	51
67	37	120	39
63	41	78	21
52	45	63	18
70	20	58	20
44	12	39	34
127	19	49	61
75	17	32	41
74	28	34	39
27	10	38	24
12	3	12	15
23	14	29	21
31	33	18	19
49	18	42	24
63	26	38	28
66	44	48	39
114	37	52	33
104	36	40	40
151	56	48	42
136	53	57	52
133	52	44	32
91	24	48	47
104	22	82	48
96	32	30	35
84	29	59	32
19	8	61	32
83	18	77	32
78	34	55	44
48	27	67	38
57	36	47	36
57	33	70	31
53	30	67	27
57	29	98	33
11	30	80	34
54	32	121	18
48	61	85	35
58	31	147	26
55	31	140	23
15	14	62	4
8	10	95	17
17	18	98	23
50	18	151	23
48	40	137	11
4	4	14	1
0	1	0	1
0	1	0	0
0	2	10	1
3	7	48	10
2	7	58	7
1	1	2	0
2	0	8	0
4	3	29	6
6	4	30	1
66	33	167	15
54	51	153	31
63	30	136	27
39	18	108	30
54	27	88	36
45	12	90	36
41	26	114	38
38	41	109	28
50	30	93	29
48	19	137	34
87	32	106	56
70	28	49	35
46	39	34	23
38	19	38	31
76	35	102	35
62	30	60	29
39	20	13	38
87	13	49	56
88	60	81	33
127	40	47	46
90	55	46	42
74	47	30	34
107	45	37	33
104	40	64	28
70	32	52	46
66	30	38	30
18	39	48	22
52	41	69	43
89	43	58	34
69	43	70	36
31	14	47	26
8	3	8	7
22	4	30	18
21	3	21	10
98	23	61	36
88	24	48	16
3	0	2	2
8	7	28	18
21	12	61	25
11	8	34	32
35	18	55	30
42	11	84	30
75	38	88	54
73	38	96	35
62	29	80	60
76	35	98	32
34	29	56	48
45	24	81	32
54	27	62	29
85	34	71	35
66	32	54	25
83	43	92	50
39	26	142	28
104	44	120	36
56	21	67	39
54	24	94	40
21	24	73	29
98	26	104	27
86	30	95	47
90	50	65	35
104	58	116	75
49	40	55	43
46	36	95	35
55	34	92	46
57	38	81	26
24	18	94	18
40	34	69	36
35	24	98	27
14	27	26	17
27	20	56	17
135	115	173	171
71	43	90	43
42	22	112	17
20	8	56	10
1	1	1	1
0	1	7	0
8	4	19	1
15	9	54	3
1	1	6	0
0	1	2	0
5	11	14	3
11	12	22	5
36	44	251	12
11	10	118	9
25	26	150	11
7	18	141	5
5	20	103	7
4	3	50	9
0	0	12	1
1	5	93	6
13	27	356	10
8	7	293	5
3	4	167	4
11	15	117	6
1	0	3	2
5	0	0	1
1	2	0	1
9	5	54	11
2	1	8	3
0	0	0	1
0	1	6	1
5	9	20	5
81	76	148	69
75	55	66	61
57	44	57	32
60	56	93	40
15	32	53	11
3	4	1	1
0	1	0	0
2	1	0	0
1	3	0	2
3	4	0	1
0	0	0	1
0	0	0	0
0	0	0	0
0	0	0	0
0	0	0	0
0	0	0	0
0	0	0	0
0	0	0	0
0	0	0	0
0	0	0	0
0	0	0	0
0	0	0	0
0	0	0	0
0	0	0	0
0	0	0	0
0	0	0	0
0	0	0	0
0	0	0	0
0	0	0	0
0	0	2	0
0	0	2	0
0	0	0	0
0	0	0	0
0	0	0	0
0	0	0	0
0	0	0	0
0	0	0	0
0	0	0	0
8	7	52	7
2	3	4	1
3	6	14	3
23	27	272	45
0	1	2	2
0	0	0	0
0	0	0	0
0	1	0	0
0	1	0	0
0	0	0	0
0	0	0	0
0	0	0	0
0	0	0	0
0	0	0	0
0	0	0	0
0	0	0	0
0	0	0	0
0	0	0	0
0	0	0	0
0	0	0	0
0	0	0	0
0	0	0	0
0	0	0	0
0	0	0	0
0	0	0	0
0	0	0	0
0	0	0	0
0	0	0	0
0	0	0	0
0	0	0	0
0	0	0	0
0	0	0	0
0	0	0	0
0	0	0	0
58	48	52	71
16	10	0	13
0	0	1	0
0	1	1	3
2	4	1	7
29	35	61	90
1	2	9	6
1	0	1	1
0	0	0	2
0	2	2	3
1	2	0	2
0	0	0	0
0	0	0	1
0	0	0	0
0	0	0	1
0	0	0	0
0	0	0	0
2	0	0	0
0	0	0	0
0	0	0	0
1	5	2	3
1	1	0	1
0	0	0	0
0	0	0	0
0	0	0	0
0	0	0	0
0	0	0	0
0	0	0	0
0	0	0	0
0	0	0	2
0	0	0	0
0	0	0	0
1	6	0	1
7	7	0	3
7	13	0	2
1	0	0	2
0	0	8	2
0	0	0	0
0	0	1	1
0	0	1	4
0	0	0	3
24	17	18	12
2	3	0	2
0	5	0	4
72	71	26	44
46	49	21	25
70	64	18	34
75	118	11	32
7	10	3	5
4	3	1	0
2	1	0	1
14	32	7	13
7	15	3	2
38	62	15	18
149	129	44	59
147	112	41	85
130	106	73	96
222	182	41	74
183	121	58	51
227	98	52	77
90	27	33	52
46	53	7	48
19	30	22	25
2	2	15	21
0	0	1	0
0	0	0	0
0	0	0	0
0	0	0	0
0	0	0	0
0	0	0	0
0	0	0	0
0	0	0	0
0	0	0	0
0	0	0	0
0	0	0	0
0	0	0	0
0	0	0	0
0	0	0	0
0	0	0	0
0	0	0	0
0	0	0	0
0	0	0	0
0	0	0	0
0	0	0	0
0	0	0	0
0	0	0	0
0	0	0	0
0	0	0	0
0	0	0	0
0	0	0	0
0	0	0	0
0	0	0	0
0	0	0	0
0	0	0	0
0	0	0	0
0	0	0	0
0	0	0	0
0	0	0	0
0	0	0	0
0	0	0	7
0	0	0	1
0	0	0	0
0	0	0	0
0	0	0	0
0	4	0	0
5	26	9	13
24	22	39	49
5	3	24	29
18	20	20	18
23	30	53	51
7	1	23	25
0	0	4	5
0	0	0	0
4	0	6	12
0	0	6	9
0	0	0	4
3	1	48	70
9	12	74	173
48	30	54	98
53	33	22	128
51	24	107	112
38	5	31	35
28	5	39	56
10	8	15	20
13	0	10	21
1	0	0	8
0	0	0	0
0	0	0	0
0	0	0	0
0	0	0	2
4	0	0	18
0	0	0	0
0	0	0	0
0	0	0	0
0	0	0	0
0	0	0	0
0	0	0	0
0	0	0	0
0	0	0	0
0	0	0	0
0	0	0	0
0	0	0	0
0	0	0	0
0	0	0	0
0	0	0	0
0	0	0	0
0	0	0	0
0	0	0	0
0	0	0	0
0	0	0	0
0	0	0	0
0	0	0	0
0	0	0	0
0	0	0	0
0	0	0	0
0	0	0	0
0	0	0	0
0	0	0	0
0	0	0	0
0	0	0	0
0	0	0	0
0	0	0	0
0	0	0	0
0	0	0	0
0	0	0	0
0	0	0	0
0	0	0	0
0	0	0	0
0	0	0	0
0	0	0	0
0	0	0	0
0	0	0	0
0	0	0	0
0	0	0	0
0	0	0	0
0	0	0	0
0	0	0	0
0	0	0	0
0	0	0	0
0	0	0	0
0	0	0	0
0	0	0	0
0	0	0	0
0	0	0	0
0	0	0	0
0	0	0	0
0	0	0	0
0	0	0	0
0	0	0	0
0	0	0	0
2	3	0	1
0	1	0	1
0	0	0	0
0	0	0	0
0	0	0	0
0	0	0	0
0	0	0	0
0	0	0	0
0	0	0	0
0	0	0	0
0	0	0	0
0	0	0	0
0	0	0	0
0	0	0	0
0	0	0	0
0	0	0	0
0	0	0	0
0	0	0	0
0	0	0	0
0	0	0	0
0	0	0	0
0	0	0	0
0	0	0	0
0	0	0	0
0	0	0	0
0	0	0	0
0	0	0	0
0	0	0	0
0	0	0	0
0	0	0	0
0	0	0	0
0	0	0	0
0	0	0	0
0	0	0	0
0	0	0	0
0	0	0	0
0	0	0	0
0	0	0	0
0	0	0	0
0	0	0	0
0	0	0	0
0	0	0	0
0	0	0	0
0	0	0	0
0	0	0	0
0	0	0	0
0	0	0	0
0	0	0	0
0	0	0	0
0	0	0	0
0	0	0	0
0	0	0	0
0	0	0	0
0	0	0	0
0	0	0	0
0	0	0	0
0	0	0	0
0	0	0	0
0	0	0	0
0	2	0	0
0	0	0	0
0	0	0	0
2	2	0	8
16	5	7	22
0	1	1	3
18	5	7	28
0	1	0	1
0	0	1	0
0	0	0	0
0	0	0	0
0	0	0	0
0	0	0	0
0	0	0	0
0	0	0	0
0	0	0	0
