0 2.34957
1 2.34957
2 2.40688
3 2.40688
4 2.46418
5 2.46418
6 2.46418
7 2.52149
8 2.5788
9 2.69341
10 2.75072
11 2.75072
12 2.80802
13 2.80802
14 2.86533
15 2.86533
16 2.92264
17 2.97994
18 2.97994
19 2.97994
20 3.09456
21 3.09456
22 3.09456
23 3.09456
24 3.09456
25 3.09456
26 3.15186
27 3.20917
28 3.20917
29 3.20917
30 3.26648
31 3.32378
32 3.32378
33 3.32378
34 3.38109
35 3.4957
36 3.72493
37 3.72493
38 3.72493
39 3.83954
40 3.89685
41 3.95415
42 3.95415
43 4.01146
44 4.01146
45 4.01146
46 4.01146
47 4.06877
48 4.12607
49 4.12607
50 4.69914
51 5.15759
52 5.32951
53 5.44413
54 5.95988
55 6.53295
56 6.9914
57 7.27794
58 7.62178
59 7.96562
60 8.30946
61 8.59599
62 8.76791
63 8.88252
64 9.11175
65 9.62751
66 9.91404
67 10.086
68 10.3152
69 10.4871
70 11.0029
71 11.6905
72 12.0917
73 12.6648
74 12.7794
75 13.4097
76 13.8109
77 14.3266
78 14.7278
79 15.0716
80 15.9312
81 16.3897
82 16.6762
83 17.7077
84 18.0516
85 18.6246
86 18.9112
87 19.8281
88 21.0315
89 21.6046
90 23.1519
91 24.1261
92 25.4441
93 27.2779
94 28.9971
95 30.4298
96 32.7794
97 36.5043
98 39.6562
99 40.2292
100 100
