0 1.5616
1 1.5616
2 1.61944
3 1.61944
4 1.67727
5 1.67727
6 1.73511
7 1.73511
8 1.73511
9 1.73511
10 1.79295
11 1.85078
12 1.90862
13 1.90862
14 1.90862
15 1.90862
16 1.90862
17 1.90862
18 1.90862
19 1.90862
20 1.90862
21 1.90862
22 1.90862
23 1.90862
24 1.90862
25 1.90862
26 1.90862
27 1.90862
28 1.90862
29 1.90862
30 1.90862
31 1.90862
32 1.90862
33 1.90862
34 1.96646
35 1.96646
36 2.0243
37 2.0243
38 2.0243
39 2.0243
40 2.08213
41 2.13997
42 2.13997
43 2.13997
44 2.37132
45 2.37132
46 2.48699
47 2.54483
48 2.54483
49 2.54483
50 2.77618
51 2.94969
52 3.29671
53 3.41238
54 3.81724
55 4.10642
56 4.45344
57 4.74263
58 5.14749
59 5.43667
60 5.61018
61 5.84153
62 6.13071
63 6.36206
64 6.59341
65 6.82476
66 7.28745
67 7.5188
68 7.80798
69 8.09717
70 8.38635
71 8.67554
72 8.96472
73 9.48525
74 9.65876
75 10.3528
76 10.8733
77 11.336
78 11.7409
79 11.8566
80 12.6084
81 13.3603
82 13.8809
83 14.7484
84 15.4425
85 16.31
86 17.1776
87 18.0451
88 19.0283
89 19.8959
90 21.5153
91 23.0769
92 24.6964
93 26.1423
94 28.5136
95 30.1909
96 33.4297
97 37.1891
98 39.9075
99 40.8907
100 100
