0 2.72727
1 2.72727
2 2.95454
3 2.95454
4 2.95454
5 2.95454
6 2.95454
7 2.95454
8 2.95454
9 2.95454
10 2.95454
11 2.95454
12 3.18182
13 3.18182
14 3.40909
15 3.40909
16 3.40909
17 3.40909
18 3.40909
19 3.40909
20 3.40909
21 3.40909
22 3.40909
23 3.40909
24 3.40909
25 3.40909
26 3.40909
27 3.40909
28 3.40909
29 3.40909
30 3.40909
31 3.40909
32 3.40909
33 3.40909
34 3.40909
35 3.40909
36 3.63636
37 3.63636
38 3.63636
39 3.63636
40 3.63636
41 3.63636
42 3.63636
43 3.63636
44 3.63636
45 3.63636
46 3.63636
47 3.63636
48 3.63636
49 3.63636
50 4.77272
51 6.13636
52 6.59091
53 6.81818
54 8.18182
55 9.31818
56 10.2273
57 10.4545
58 10.9091
59 11.8182
60 12.2727
61 12.5
62 12.5
63 12.7273
64 13.1818
65 13.8636
66 13.8636
67 14.0909
68 14.0909
69 15
70 15.9091
71 16.3636
72 16.8182
73 17.7273
74 17.9545
75 18.1818
76 18.8636
77 19.7727
78 20
79 20
80 22.2727
81 22.5
82 23.6364
83 23.6364
84 23.8636
85 25
86 25.4545
87 26.3636
88 26.3636
89 27.7273
90 28.4091
91 30.2273
92 32.0454
93 33.8636
94 37.0454
95 39.5454
96 41.3636
97 43.1818
98 47.0454
99 47.9545
100 100
