0 2.73504
1 2.73504
2 2.73504
3 2.73504
4 2.73504
5 2.79202
6 2.79202
7 2.79202
8 2.79202
9 2.79202
10 2.79202
11 2.79202
12 2.849
13 2.849
14 2.849
15 2.849
16 2.849
17 2.849
18 2.849
19 2.849
20 2.849
21 2.849
22 2.849
23 2.849
24 2.849
25 2.849
26 2.849
27 2.849
28 2.849
29 2.849
30 2.90598
31 2.90598
32 2.96296
33 3.07692
34 3.07692
35 3.07692
36 3.07692
37 3.07692
38 3.07692
39 3.07692
40 3.1339
41 3.1339
42 3.1339
43 3.1339
44 3.1339
45 3.24786
46 3.30484
47 3.30484
48 3.36182
49 3.4188
50 3.64672
51 3.93162
52 4.10256
53 4.21652
54 4.2735
55 4.44444
56 4.78632
57 5.1282
58 5.1282
59 5.4131
60 5.52706
61 5.64102
62 5.75498
63 5.86894
64 6.2678
65 6.5527
66 6.95156
67 7.17948
68 7.57834
69 7.80626
70 8.09116
71 8.49002
72 8.77492
73 9.00284
74 9.28774
75 9.6866
76 10.0285
77 10.5413
78 10.8832
79 10.8832
80 11.1681
81 11.6239
82 11.9658
83 12.1937
84 12.3077
85 12.6496
86 13.0484
87 13.3333
88 13.7892
89 14.0741
90 14.359
91 14.9857
92 15.7835
93 16.4102
94 16.7521
95 17.3219
96 17.8347
97 18.1766
98 18.6894
99 18.6894
100 99.9999
