0 2.68005
1 2.68005
2 2.88328
3 2.88328
4 2.90868
5 2.90868
6 2.90868
7 2.95949
8 3.01029
9 3.11191
10 3.12461
11 3.12461
12 3.22622
13 3.22622
14 3.34054
15 3.34054
16 3.39134
17 3.45485
18 3.45485
19 3.45485
20 3.61997
21 3.61997
22 3.61997
23 3.61997
24 3.61997
25 3.61997
26 3.67078
27 3.68348
28 3.68348
29 3.68348
30 3.8105
31 3.8486
32 3.8486
33 3.8486
34 3.95021
35 4.08993
36 4.34396
37 4.34396
38 4.34396
39 4.598
40 4.75042
41 4.75042
42 4.75042
43 4.82663
44 4.82663
45 4.82663
46 4.82663
47 4.89014
48 4.92824
49 4.92824
50 5.75385
51 6.46514
52 6.76998
53 7.01131
54 7.95123
55 8.63712
56 9.67865
57 10.2629
58 10.644
59 11.1393
60 11.8125
61 12.219
62 12.6127
63 12.6889
64 12.9176
65 13.5526
66 13.7686
67 13.9718
68 14.5053
69 14.7339
70 15.496
71 16.1438
72 16.601
73 17.9601
74 18.0236
75 18.646
76 19.2176
77 20.2464
78 20.6656
79 21.0847
80 22.1898
81 22.6978
82 23.0408
83 24.0823
84 24.5142
85 25.2509
86 25.8351
87 27.1815
88 28.2992
89 28.9343
90 30.2172
91 31.4746
92 32.4019
93 34.4214
94 36.1488
95 37.7747
96 40.1118
97 44.3287
98 47.1612
99 47.6057
100 100
