0 2.88684
1 2.88684
2 2.88684
3 2.88684
4 2.88684
5 2.88684
6 2.88684
7 2.88684
8 2.88684
9 2.88684
10 2.88684
11 2.88684
12 2.88684
13 2.88684
14 2.88684
15 2.88684
16 2.94458
17 2.94458
18 2.94458
19 2.94458
20 2.94458
21 2.94458
22 2.94458
23 2.94458
24 2.94458
25 3.00231
26 3.00231
27 3.00231
28 3.00231
29 3.06005
30 3.06005
31 3.06005
32 3.06005
33 3.06005
34 3.06005
35 3.06005
36 3.11779
37 3.11779
38 3.17552
39 3.23326
40 3.291
41 3.291
42 3.34873
43 3.34873
44 3.40647
45 3.46421
46 3.52194
47 3.69515
48 3.86836
49 4.09931
50 4.38799
51 4.5612
52 4.90762
53 5.25404
54 5.42725
55 5.48499
56 5.60046
57 5.88915
58 6.06236
59 6.17783
60 6.69746
61 6.92841
62 7.21709
63 7.44804
64 7.62125
65 7.96767
66 8.19862
67 8.42956
68 8.71825
69 9.06467
70 9.46882
71 9.64203
72 9.87298
73 10.3349
74 10.4503
75 11.0855
76 11.4896
77 11.7783
78 12.0092
79 12.2979
80 12.7021
81 12.933
82 13.3372
83 13.6836
84 14.0878
85 14.4919
86 15.1848
87 15.5889
88 15.8776
89 16.1085
90 16.455
91 16.8014
92 16.9746
93 17.552
94 18.0139
95 18.4758
96 18.8222
97 19.3995
98 19.8037
99 19.9192
100 100
