0 3.84615
1 3.84615
2 3.84615
3 3.84615
4 3.84615
5 3.84615
6 3.84615
7 3.84615
8 3.84615
9 3.84615
10 3.84615
11 3.84615
12 3.84615
13 3.84615
14 3.84615
15 3.84615
16 3.84615
17 3.84615
18 3.84615
19 3.84615
20 4.80769
21 4.80769
22 4.80769
23 4.80769
24 4.80769
25 4.80769
26 4.80769
27 5.76923
28 5.76923
29 5.76923
30 5.76923
31 5.76923
32 5.76923
33 5.76923
34 5.76923
35 5.76923
36 6.73076
37 6.73076
38 6.73076
39 6.73076
40 6.73076
41 6.73076
42 6.73076
43 6.73076
44 6.73076
45 6.73076
46 6.73076
47 6.73076
48 6.73076
49 6.73076
50 9.61538
51 9.61538
52 9.61538
53 9.61538
54 10.5769
55 10.5769
56 10.5769
57 11.5385
58 11.5385
59 11.5385
60 11.5385
61 11.5385
62 12.5
63 12.5
64 13.4615
65 13.4615
66 13.4615
67 13.4615
68 13.4615
69 13.4615
70 13.4615
71 13.4615
72 14.4231
73 14.4231
74 14.4231
75 14.4231
76 14.4231
77 14.4231
78 15.3846
79 15.3846
80 15.3846
81 17.3077
82 18.2692
83 19.2308
84 20.1923
85 21.1538
86 21.1538
87 21.1538
88 22.1154
89 25
90 25.9615
91 28.8462
92 30.7692
93 32.6923
94 33.6539
95 34.6154
96 36.5385
97 40.3846
98 44.2308
99 44.2308
100 100
